4  281 231 279 2
2  161 219
3  228 15 131
3  296 63 10
3  209 104 245
3  206 205 257
3  256 18 84
4  193 100 90 134
2  290 143
3  93 255 80
3  13 253 150
2  95 243
3  278 260 226
2  35 164
2  149 124
4  224 249 38 169
2  266 241
3  123 198 184
3  127 178 280
3  61 240 223
3  113 29 147
4  201 220 200 264
2  14 126
3  3 207 188
3  30 70 94
2  250 180
3  170 8 112
3  132 191 119
2  196 155
4  252 87 9 211
3  177 292 298
5  192 130 31 236 166
4  45 176 187 285
3  175 43 208
2  59 89
4  7 72 145 138
3  136 286 103
2  215 142
4  0 225 267 23
2  75 287
2  140 16
2  248 202
2  58 111
4  27 64 199 125
3  105 289 42
3  82 237 217
3  273 229 37
3  24 174 85
4  186 51 69 48
3  121 261 195
3  108 194 297
4  139 76 57 144
4  152 247 46 282
3  182 73 11
2  214 197
2  233 181
2  109 203
2  283 295
3  44 128 106
3  173 158 1
2  107 96
4  67 263 239 141
4  146 291 28 102
2  115 153
2  242 246
2  294 162
3  60 40 293
2  163 259
4  238 34 118 268
3  227 137 77
2  68 213
3  148 52 110
2  78 204
3  171 251 269
3  21 71 185
3  101 47 276
3  189 165 81
3  62 20 135
3  66 168 12
3  55 284 212
4  230 6 270 32
2  98 83
3  172 235 25
3  218 262 74
3  167 299 157
2  265 19
2  272 97
4  122 120 244 258
2  156 117
2  91 159
3  133 151 232
5  26 183 56 17 22
3  5 50 88
2  154 190
3  210 79 271
4  222 92 53 116
3  39 86 4
3  129 160 49
3  277 254 274
2  288 114
