27  0 3025 3343 3486 3767 3891 3996 4161 4802 5083 5375 5719 6012 6134 6274 6338 6688 6837 7133 7752 7992 8222 8630 9093 9307 9594 9769
24  1 630 745 941 1311 3724 4230 4429 4813 4983 5125 5498 6049 6554 6898 7136 7446 7964 8296 8492 8793 9261 9528 9737
31  3 635 801 1223 1595 1759 1890 1961 2218 2659 2815 2889 3321 3639 3762 4016 4391 4764 5281 5384 5914 6163 6479 6785 7021 7194 7549 7921 8399 9145 9717
25  4 16 1074 1436 1770 2273 2565 2739 3244 6145 6471 6668 6852 7010 7407 7710 7954 8135 8641 8918 8981 9107 9462 9792 9989
4  6 4823 5235 5351
7  7 788 1092 1247 6299 6784 7269
35  8 520 631 1071 1175 1339 1463 1571 1794 1945 2133 2208 2413 2788 3040 3281 3438 3592 3989 4181 4452 4597 4743 4946 5272 5693 5908 6341 6642 6820 7157 7266 7423 7533 7696
24  9 802 959 1185 1577 1780 4742 5081 5300 5438 5696 5916 6342 6491 6749 6952 7035 7445 7702 8252 8554 8895 9168 9669
32  10 13 715 928 1045 1319 1864 1983 2120 2202 2489 3609 3696 3860 4233 4510 4825 5188 5321 5558 5740 5857 5956 6227 6570 7007 7602 7971 8151 8383 8580 9530
8  11 522 3395 3680 3928 4006 9295 9942
23  12 979 1196 1332 1744 1927 2325 2735 3066 3317 3536 3748 3926 4088 4367 7204 7763 7891 8369 8822 8942 9157 9513
16  14 527 733 1473 1716 1848 2062 2517 2848 3166 5968 6243 6607 6997 7323 7650
20  15 581 781 1009 1454 1612 1786 6919 7143 7523 7915 8052 8186 8410 8654 9137 9323 9451 9688 9837
29  18 3127 3287 3365 3509 3835 4157 4377 4599 4729 4957 5191 5274 5370 5730 6042 6326 6521 7024 7350 7474 7544 7880 8039 8262 8426 8812 9277 9568
14  19 5557 5938 6184 6328 6422 6589 6802 7188 7432 7708 7863 8182 9776
33  21 584 870 994 1941 2407 2515 2667 2767 3214 3339 3556 3829 4055 4318 4472 4598 4886 5332 5528 5778 5952 6454 7048 7442 7965 8205 8474 8781 8911 9103 9359 9993
25  22 795 1164 1433 1611 1777 2178 2418 2823 3008 3126 3238 3675 3811 4193 4366 4620 4791 4869 4950 5114 5234 5698 6041 6302
14  23 517 1487 2048 2387 2707 2962 3230 3388 3496 4416 4848 5242 5442
32  24 860 1094 1582 1895 2064 2294 2366 2652 2923 3192 3226 3300 3568 3813 3910 4131 4449 4943 5061 5126 5502 5986 6561 7123 7358 7619 8028 8631 8936 9566 9928
23  25 3558 3823 3958 4112 4385 4677 4777 4872 5427 5744 6124 6309 6634 6977 7431 7661 7995 8555 9204 9492 9850 9954
20  26 3713 4280 5071 5396 5949 6364 6882 6981 7109 7272 7644 7962 8335 8791 8898 9127 9198 9452 9891
25  27 3262 3501 3596 3816 4012 4350 5177 5467 5687 5855 5980 6301 6445 6577 6781 6959 7223 7660 8142 8699 9082 9290 9471 9859
22  28 493 1020 1449 1548 1855 2054 2288 2499 2711 2843 5506 5859 6304 6613 6934 7166 7553 7900 8508 9118 9706
15  29 583 657 888 1089 1638 2035 2096 2262 2695 3091 3482 3566 6283 6673
34  30 1100 1415 1635 1722 1944 2144 2476 2787 2976 3158 3461 3866 4032 4118 4476 4904 5232 5399 5725 6085 6202 6414 6499 6720 7274 7607 7930 8038 8397 8948 8983 9435 9800
17  31 659 998 1165 1381 1711 1989 2253 2346 2629 2804 6104 6590 6769 7070 7325 7455
29  32 510 711 940 1040 1267 1647 1999 2581 2789 3097 3309 3408 3914 4064 4264 4445 5815 6215 6566 6824 7248 7498 8601 8837 9194 9592 9847 9973
30  33 656 1055 1327 1693 1859 2286 2513 2744 3023 3142 3273 3512 3805 4252 4640 5212 5627 6032 6230 6549 7057 7542 7797 8184 8458 8849 9320 9578 9885
31  35 38 1156 1656 2088 2243 2368 2506 2730 3047 3266 3530 3785 4155 4372 4585 4849 5265 5600 5803 6059 6335 6732 7111 7304 7731 8265 8528 8818 9286 9754
20  36 529 648 1151 1606 1676 2201 2406 2634 2714 3131 3448 6596 6989 7453 7871 8496 8988 9503 9946
27  37 495 2575 2829 3014 3363 3701 3855 4151 4437 4654 4861 5387 5618 5838 5887 6087 6357 6541 6735 6991 7513 7827 8100 8817 9298 9867
10  39 606 4219 4480 4650 4913 5269 5612 5676 6038
23  40 52 1133 1224 1471 1735 2167 2395 2620 3061 3397 3626 3804 4127 7082 7275 7515 7612 8102 8510 8880 9304 9821
26  41 505 949 1512 1772 2010 2258 2577 2708 2973 3157 3381 3589 3833 3919 4226 4526 4986 5205 5432 5662 6406 6655 7067 7308 7492
36  42 930 1181 1596 1717 1792 2138 2327 2400 2713 2791 3291 3412 3658 4036 4506 4769 5031 5368 5541 5734 5955 6092 6439 6678 6803 7102 7306 7620 7868 8132 8890 9251 9547 9676 9793
45  43 572 689 820 992 1199 1297 1430 1731 1774 2006 2336 2608 2963 3268 3424 3581 3776 3908 4378 4567 4960 5128 5285 5448 5852 6052 6209 6358 6494 6774 6830 7119 7473 7683 7966 8087 8237 8570 8813 8964 9231 9440 9653 9911
18  44 724 1048 1349 1465 1713 2057 2479 2785 3031 3576 4024 4335 4467 4514 4656 5020 5330
10  45 3935 6926 7075 7613 8219 8571 8720 8884 9337
29  46 645 796 884 1018 3727 4020 4550 4975 5201 5446 5708 5845 6211 6459 6645 7015 7112 7370 7422 7692 7785 8204 8350 8536 8658 8914 9630 9907
21  47 989 1664 1968 4578 4821 5413 5630 5759 5925 6128 6810 7467 7858 8119 8406 8758 8917 9080 9256 9526
22  48 859 3903 4021 4274 4420 4594 4713 4949 5171 5395 5818 6178 6582 7720 8215 8437 9011 9235 9483 9588 9865
21  49 672 1033 1226 1369 1640 2047 2229 2335 2451 2896 3185 3487 3666 3909 7765 8115 8569 8800 9355 9535
39  50 98 1132 1516 1811 1903 1963 2222 2341 2403 2441 2752 3114 3409 3599 3920 4061 4305 4518 4853 4935 5142 5289 5381 5669 5977 6099 6296 6508 6734 7159 7694 7897 8346 9184 9572 9771 9941 9982
30  51 509 726 934 1411 1671 1872 3052 3251 3598 3949 4302 4627 4851 4902 5139 5345 5832 6129 6436 6725 6995 7196 7479 8323 8514 8670 9085 9420 9974
22  54 608 905 1301 1808 2041 2337 2874 3111 3323 3612 3795 4044 4172 7217 7462 7679 7887 8177 8642 9656 9794
32  55 547 1043 1348 2083 2312 2391 2616 2818 3218 3520 3665 4047 4292 4575 4739 5147 5554 5780 6044 6188 6427 6509 7047 7658 8094 8364 8617 8697 8930 9228 9934
17  56 544 750 5026 5453 5640 5847 6050 6336 6449 6659 6894 7230 8008 8939 9258 9951
8  57 794 1146 1385 5209 8456 9375 9635
17  58 695 1141 1486 2893 3089 3311 3672 3847 4063 4261 4485 4638 4906 5329 5635 8803
37  60 993 1200 1450 1599 1730 1990 2111 2276 2584 3000 3346 3483 3648 3912 4010 4197 4395 4617 4792 4908 5194 5334 5562 5717 6055 6478 6610 6686 6770 7050 7717 7956 8574 8867 9212 9388
24  62 694 875 1285 1623 1806 2002 2287 4582 4880 4974 5058 5376 5787 5969 6378 6771 7282 7591 7983 8541 9053 9335 9604
20  63 1061 1719 2008 2242 2350 2668 2834 3011 3181 3364 3656 3716 4282 4815 5099 5624 5792 6159 9662
11  64 678 6586 7081 7329 7792 8089 8422 8934 9423 9636
19  65 883 1356 1718 1996 2197 2333 2521 3295 3698 3836 3938 4421 4756 4990 5095 5200 5231 5625
19  66 780 3745 4019 4340 4715 4759 5168 5264 5561 5632 5801 6118 6468 6637 6684 9368 9818 9962
29  67 742 877 1016 1310 1825 2012 2623 2933 3137 3282 3368 3551 4042 4393 4624 4808 5053 5180 5407 5555 5899 6408 6698 7726 8316 8467 8704 9780
34  68 74 1172 1485 2003 2266 2369 2519 2835 3034 3240 3573 3922 4162 4303 4406 4734 5084 5214 5613 5866 6056 6337 6669 7190 7321 7519 8337 8698 9104 9226 9406 9591 9925
25  69 3725 3993 4133 4448 4733 4899 5239 5512 5659 5782 6097 6398 6754 6880 7206 7428 7713 7947 8147 8591 8974 9220 9772 9968
32  70 479 514 1652 1936 2426 2763 2899 3369 3621 3738 3997 4108 4440 4540 4833 4995 5094 5337 5460 5749 5888 6419 6727 6982 7313 7744 8603 9422 9767 9874 9978
9  72 3778 4023 4170 4418 4519 4741 5302 9718
17  73 502 3151 3524 3676 3943 4204 4404 4621 4732 4953 5037 5552 5653 5800 5875 6372
29  75 1085 3444 3569 3837 3987 4115 4191 4383 4647 4837 5024 5323 5783 5927 6526 6877 7069 7142 7547 7938 8336 8411 8577 8952 9148 9412 9775 9959
9  76 834 1118 1303 1420 1839 7030 7699 8227
16  77 79 812 952 1293 6081 6522 6765 6794 7004 7659 8289 8538 8835 9243 9761
20  78 82 189 2199 2568 2841 3029 3152 3340 3915 4069 4271 4673 5038 7767 8498 9019 9183 9431 9939
38  81 491 710 886 1347 1551 1837 2101 2632 2758 3021 3108 3264 3325 3400 3492 3773 3980 4276 4692 4793 5007 5305 5706 6332 6671 7210 7392 7524 7604 7808 7882 8120 8375 8501 8944 9211 9613
4  83 1129 1519 6556
34  84 162 1331 1688 1880 2001 2170 2425 2458 2593 2703 2950 3124 3256 3547 3992 4270 4591 4972 5138 5327 5643 6064 6385 6689 7125 7588 7826 8152 8547 8950 9232 9700 9979
33  85 531 762 1073 1537 1672 2049 2295 2436 2592 3039 3326 3718 3998 4235 4460 4661 4910 5251 5390 5537 5794 6003 6194 6265 6930 7281 7529 7980 8506 8976 9246 9584
33  86 806 1154 1374 1658 1929 2315 2747 2832 3371 3457 3638 3794 3964 4243 4784 5122 5284 5436 5724 5951 6238 6519 6823 7241 7526 7856 8379 8739 9167 9294 9430 9637
25  87 2945 3276 3531 3731 4245 4686 4863 5000 5257 5391 5551 5764 5970 6279 6373 6631 7017 7338 8144 8854 9149 9379 9516 9748
19  88 179 1287 1667 2112 2412 5309 5628 5843 6189 6368 6602 6874 6983 7343 7706 8084 9076 9521
23  89 93 900 1244 1534 1624 1915 2303 2548 5102 5293 5529 5664 5731 5889 6616 7003 7489 7846 8455 8765 9314 9628
16  90 1116 1402 1506 1823 2033 2118 2600 2771 2988 3179 3472 3888 4082 4277 4446
35  91 662 740 874 950 1206 1498 1697 2068 2227 2422 2512 3468 3735 4022 4355 4571 4839 5454 5965 6165 6322 6389 6640 6990 7222 7545 7972 8414 8673 9020 9188 9488 9726 9743
11  92 554 1400 1659 1917 2075 2339 2404 2562 5279 5825
30  94 856 1251 1468 1600 1805 2901 2978 3636 3999 4278 4517 4746 5074 5165 5393 5798 6135 6289 6638 6793 6933 7178 7369 7737 8245 8796 8825 9237 9784
11  95 1114 1308 1575 2024 2875 3305 3607 3906 6776 7160
28  96 555 682 838 1221 1629 1727 2061 2233 2558 2961 3183 3552 3810 4223 4800 5025 5494 5533 5770 6096 6564 6864 7029 8378 9077 9595 9785
35  97 690 867 1109 1207 1501 1818 2092 2415 2585 2772 3243 3415 3671 3900 4146 4403 4584 4783 5127 5353 5736 6054 6212 6387 6805 6945 7006 7647 7838 8271 8690 9173 9727 9945
30  99 1039 1522 1702 1892 2564 2831 2908 3225 3432 3526 3798 4090 4508 4947 5230 5491 5548 5712 5929 6261 6362 6658 6915 7197 7841 8457 9006 9504 9965
22  100 814 3664 3878 4140 4639 4896 4948 5369 5570 5602 5994 6039 6213 6580 6958 7148 7461 7795 8409 8958 9191
11  101 142 3485 3711 3927 4229 4397 4565 4963 5129 5423
11  102 965 1503 1949 2371 2509 2943 3132 3677 3956 4371
22  103 633 997 1158 1524 1900 2269 2410 2604 3024 3647 3867 4045 4128 4217 4326 7246 7672 8370 8879 9133 9477
26  104 658 1006 1237 1928 2029 2176 2491 2591 2824 3100 3446 3553 3960 4138 4580 4978 5294 5503 5726 5882 5931 6114 6248 6404 6899
36  105 868 1317 1542 1703 1749 1975 2384 2583 2736 2860 3559 3688 3758 3887 4237 4522 4626 4720 4938 5221 5515 5826 6218 6514 6581 6736 6978 7261 7623 8309 8691 9038 9142 9448 9622
36  106 580 757 1037 1384 1481 1683 1830 2016 2238 2518 2821 3261 3557 3682 4062 4494 5014 5119 5179 5316 5658 5697 6001 6117 6223 6383 6650 7037 7452 7852 8326 8668 9207 9389 9787
10  107 133 3354 3534 3667 3953 7981 8627 9005 9453
24  108 625 836 1193 1464 1528 1832 2091 2171 5204 5530 5677 5844 6186 6692 7093 7252 7556 7984 8412 8851 9016 9663 9680
25  109 880 1474 1932 2265 2398 2576 2929 3017 3328 3549 3679 3797 3940 4084 4153 4368 4687 4912 5090 5796 5999 6275 6466 6891
25  110 3087 3299 3563 3690 3768 4126 4493 4681 4952 5121 5308 5433 5641 5885 6476 6672 6925 7243 7336 7807 8068 8943 9356 9567
28  111 498 833 942 1149 3462 3737 3986 4212 4453 4649 4766 4878 5080 6006 6473 6846 6946 7271 7742 8077 8434 8743 8847 8967 9273 9621 9836
20  112 808 1248 1816 2031 2081 2390 2715 2852 3033 3335 3777 4142 4425 4875 8480 8992 9378 9564 9898
12  113 114 623 1078 1315 7032 7552 7845 8206 8938 9341 9713
36  115 661 1084 1601 1803 2168 2423 2578 2877 3044 3280 3330 3651 3952 4289 4352 4414 4754 4893 5016 5484 5781 6207 6346 6623 7011 7151 7360 7451 7537 7929 8096 8726 9305 9376 9641
34  116 697 1102 1408 2270 2820 3013 3292 3436 3719 3990 4231 4557 4684 4831 5041 5163 5476 5767 6133 6329 6493 6724 6928 7200 7605 7794 8083 8513 8873 9084 9358 9597 9868
34  117 474 571 639 1079 1388 1619 1754 1866 1985 2338 2672 2840 3098 3284 3489 3931 4215 4696 4959 5107 5208 5573 5802 6030 6226 6462 6595 6999 7646 8113 8360 9095 9795
11  118 6141 6437 7077 7641 7866 8081 8373 8841 9209 9432
20  119 551 668 970 1227 1491 5892 6249 6510 6992 7342 7611 7987 8311 8578 8836 9193 9498 9616 9917
21  120 215 1379 1560 1831 2078 2405 2651 2948 3134 3353 3781 6574 6710 7051 7483 7853 8404 8589 9125 9561
33  121 591 1300 1633 1912 2009 2522 2779 3051 3242 3421 3715 3842 3978 4117 4132 4444 4549 4736 5093 5328 5532 5988 6095 6360 6795 7076 7539 8061 8274 8827 9349 9583
31  122 223 785 988 1177 1272 1626 1707 2157 2363 2523 2994 3255 3628 3946 4099 4362 4545 4688 4887 5213 5576 5870 6247 6865 7447 8359 8729 9091 9360 9798
35  123 709 935 1233 1776 1916 1938 2219 2444 2648 2881 3170 3451 3505 3705 4528 5075 5397 5536 5823 6062 6321 6455 6759 6975 7376 7551 7876 8407 8870 9146 9427 9577 9729 9944
35  125 145 832 964 1292 1627 2215 2572 2904 3054 3188 3507 4035 4134 4339 4501 4941 5184 5469 5722 5849 5991 6280 6469 6943 7415 7669 8001 8236 8400 8885 9079 9217 9702 9957
13  127 686 810 3466 3807 4345 4718 4968 8047 8362 8550 9115 9609
20  128 953 1418 1685 1885 2355 2557 2683 2882 3217 3646 3834 4046 4213 4328 4447 4915 5157 9327 9832
18  129 634 664 1409 1891 2107 2281 7352 7746 7803 7991 8272 8612 9097 9250 9684 9849 9995
25  130 271 1013 1376 1570 1844 2139 2313 2345 2740 5622 5963 6011 6204 6487 6888 7108 7349 7825 8165 8466 8640 8816 9381 9826
17  131 3590 3817 3917 4232 4390 4531 4709 4846 5148 5169 5392 5524 5666 5754 5966 6273
24  132 618 803 1253 1591 1797 2080 2205 2466 2696 2862 3102 3195 3488 3983 4203 4423 4668 5161 5312 5367 5509 5679 5865
25  134 675 1038 1307 1613 1933 2042 2416 2934 3026 3234 3434 3637 4083 4283 4443 4655 4760 4845 5153 5224 5349 5638 5957 6140
35  135 494 613 1046 1201 1354 1559 1878 2094 2545 2618 3005 3186 3352 3642 3733 4244 4499 4570 4862 4919 5035 5416 5605 6191 6371 6485 6646 6839 7114 7147 7503 7691 8432 9109
25  136 650 876 3812 3982 4094 4273 4410 4497 4799 5051 5578 6084 6324 6850 7389 7469 7758 8251 8558 8748 9046 9401 9531 9933
14  137 586 730 929 1234 1421 1661 1964 2074 8354 8494 9111 9259 9860
11  138 499 1290 1441 1637 1940 6417 6690 7122 7291 7700
38  139 149 1187 1336 1514 1657 1977 2121 2272 2492 2704 2811 2902 3148 3475 3844 4185 4290 4767 4903 5174 5582 5777 5923 6232 6523 6768 6902 7044 7299 7675 7811 8298 9058 9433 9545 9824 9940
25  140 604 962 1245 1444 1605 1836 2095 2305 2482 2637 5386 5727 6040 6320 6369 6950 7201 7628 8220 8475 8915 9138 9654 9947
14  141 728 6253 6621 6935 7126 7270 7493 7782 8066 8299 8485 9385 9853
29  143 841 1014 1144 1399 2055 2655 2819 2966 3092 3215 3478 3838 4093 4224 4324 4470 4738 5073 5288 5490 5893 6181 6619 6829 7540 9035 9315 9823
36  144 729 1507 1690 1888 2165 2311 2705 2954 3236 3370 3425 3721 3890 3984 4176 4465 4530 4909 4956 5222 5556 5919 6123 6297 6531 6639 6807 7058 7517 8043 8445 9004 9182 9723 9958
26  146 731 1025 1117 1263 1554 1954 2004 2239 2461 2606 2777 3016 3220 3627 3839 3954 4251 4595 4829 4879 5175 5342 5574 5884 6016
17  147 562 6018 6347 6632 7140 7448 7951 8062 8233 8572 8820 9170 9532 9633 9651 9863
21  148 485 537 1678 1894 2196 2424 2543 5290 5418 5583 6036 6257 6474 6819 7104 7729 8210 8533 8970 9450
29  150 760 1003 1328 1841 2579 2712 3001 3254 3318 3728 4208 4336 4671 5027 5266 5409 5895 6185 6394 6630 7027 7180 7657 7861 8590 9101 9649 9899
31  151 478 577 615 755 1090 1242 1406 1737 1882 2181 2241 2373 2429 2756 3095 3278 3406 3522 3720 3819 4228 4306 4801 4994 8054 8353 8844 9141 9485 9711
34  152 646 1103 1337 1552 1767 1883 2162 2690 2905 3003 3187 3375 3577 3841 4081 4239 4484 4610 4744 4914 5155 5304 5435 5788 6119 6696 7169 7697 8145 8625 9002 9473 9857
25  153 641 976 1166 1284 1603 2025 2361 2649 2717 2944 3096 3216 3459 3583 3702 3826 4187 4666 4778 5052 5183 9300 9541 9984
14  154 506 1366 1648 1835 4009 4327 4455 7528 8211 8706 9229 9816 9955
36  155 954 1375 1893 2116 2433 2590 2810 3010 3235 3631 3700 3864 4107 4566 4776 4888 4962 5001 5120 5268 5674 5987 6153 6611 7205 7491 7716 7843 8026 8140 8315 8614 8966 9562 9848
20  156 611 963 1431 1674 1863 2022 2221 2378 2656 3048 3221 3413 3617 3969 4346 4533 4604 4674 4838
19  157 620 842 1136 1358 2038 5937 6206 6293 6484 6826 7055 7480 7895 8636 8891 9069 9437 9575
21  158 546 787 1120 1130 1378 1630 1870 4284 4623 4678 4765 4824 5336 5434 5566 5748 5926 6138 9539 9866
15  159 582 1180 1447 1756 1986 2260 2526 2750 3055 3169 3502 3684 3937 9808
29  160 698 3404 3749 3883 4068 4558 4711 5021 5154 5260 5441 5540 5867 6112 6312 6460 6677 6791 7064 7328 7444 7579 7896 8256 8419 8521 8783 9012
25  161 576 1174 1733 2282 4712 5348 5592 5831 5982 6107 6234 6617 6844 7310 7391 7458 8224 8534 8629 8792 9308 9685 9746 9887
10  163 829 1119 6953 7228 7477 7733 8098 9468 9845
23  164 4013 4189 4600 4866 5196 5389 5789 6069 6281 6392 6627 7020 7177 7327 7568 7925 8063 8246 8408 8608 9709 9997
32  165 486 741 1002 1670 1789 1896 2427 2759 2845 3046 3467 3513 3892 4066 4375 4541 4891 5254 5450 5768 5904 6220 6641 6901 7359 7784 8041 8413 8994 9201 9548
12  166 1919 2109 2334 2494 5078 7796 8118 8344 8982 9447 9894
6  167 523 855 3709 4085 4359
21  168 2718 2953 3136 3410 3540 4807 5100 5270 5735 5912 6251 6834 7224 7585 8162 8372 8719 9003 9674 9879
12  169 6026 6654 7092 7208 8180 8310 8655 8751 8963 9346 9756
15  170 526 5531 5806 6270 6587 6918 7068 7249 8290 8666 9042 9470 9722 9900
22  171 542 614 1047 1484 1939 2211 2370 2602 2907 3074 3366 3454 3616 3896 4101 4356 4822 5009 5406 5975 9690
19  172 737 967 1137 1432 5045 5707 6063 6458 6951 7390 7906 8217 8661 8829 9154 9393 9728 9815
20  173 185 759 931 2434 5228 5478 5660 5761 6434 6893 7158 7495 7754 7914 8294 8746 9219 9559 9648
25  174 805 919 1195 1371 1602 1669 1965 2053 2268 2321 2671 2768 3032 3147 3348 3780 3967 4194 4293 4456 4982 5377 5984 6314
19  175 534 5172 5226 5444 5670 5860 6229 6344 6618 6855 7116 7426 7872 8562 9114 9299 9615 9694
34  176 804 1212 1391 1616 2017 2301 2428 2597 2884 3012 3138 3359 3445 3790 4059 4156 4370 4596 4735 5282 5606 6533 7105 7198 7497 7961 8240 8500 8680 9001 9230 9517 9914
31  177 187 624 734 904 1041 1210 1573 1758 1943 2128 2314 2469 2686 2916 2938 3081 3301 3611 3859 4123 4288 4483 4731 4936 5410 5461 8685 9047 9677 9750
33  178 790 1082 1281 1511 1799 2214 2534 2661 2863 3275 3490 3831 4141 4535 4606 4812 4964 5185 5350 5753 6113 6444 6551 6971 7379 7562 8203 8647 9131 9417 9643 9802
34  180 561 897 1086 1583 1980 2110 2357 2778 2858 3128 3338 3458 3663 3818 3974 4049 4311 4553 4805 5807 6173 6386 6723 7040 7276 7665 7830 8472 8778 8946 9162 9459 9851
18  181 5898 6244 6806 6836 6979 7182 7397 7625 7738 7963 8002 8276 8973 9179 9333 9574 9936
36  182 188 901 1010 1280 1393 1457 1566 1898 1952 2267 2580 2681 3245 3378 3723 4183 4331 4382 4651 5137 5277 5371 5474 5953 6074 6198 6482 7045 7459 7756 8604 8945 9036 9445 9827
13  183 525 1027 1417 1973 2185 7656 7919 8018 8553 8805 9395 9757
27  184 769 974 1282 1590 1914 2277 2530 2654 2921 3093 3194 3578 3801 3994 4086 4415 4663 5089 5278 5489 5526 5631 6090 6160 6446 6751
33  186 357 1241 1505 1645 1696 1889 2322 2540 2781 3172 3314 4180 4364 4670 4930 5112 5419 5633 5804 6131 6224 6703 7088 7402 7701 7986 8155 8420 9174 9249 9466 9977
35  190 649 948 1414 1521 1682 1935 2159 2382 2806 3144 3306 3572 3683 3861 4190 4322 4710 4905 5110 5303 5604 6025 6298 6543 6885 7255 7486 7597 8495 8910 9233 9511 9796 9922
16  191 197 878 1036 1261 1868 2123 2561 7707 8175 8540 8639 8807 9197 9543 9731
21  192 3263 3604 3783 3897 4051 4250 4496 4771 5261 5797 6048 6370 6853 7134 7687 7979 8416 8724 9205 9693
33  193 199 822 1067 1316 1389 1662 1817 2203 2535 2728 2983 3463 3692 3939 4211 4593 4885 4981 5064 5223 5458 5639 6043 6105 6246 7127 7416 7608 7704 8106 8207 8325
23  194 612 851 1122 1370 1791 2103 2551 2830 2974 3204 3389 3712 3809 4143 4358 4543 4843 8318 9297 9549 9740 9873
31  195 590 907 1403 2397 2675 2783 2971 3296 3756 4075 4417 4486 4702 5032 5286 5614 5701 6161 6306 6405 6873 7220 7320 7478 7892 8216 8734 9186 9366 9817
26  196 799 973 1096 1220 1333 1456 1741 4408 4665 4840 5118 5471 5672 5811 6088 6269 6778 7085 7850 8127 8750 8868 9178 9512 9913
26  198 651 1070 1190 1545 1736 1958 2255 2402 2445 2969 3177 3479 3815 3913 4249 4475 4683 4868 5044 5412 7345 8108 8517 8924 9284
25  200 2925 3303 3618 3739 3929 4236 4379 4454 4758 4857 5028 5361 5603 6441 6968 7202 7301 7874 8197 8780 9313 9579 9777 9910
13  201 538 6535 6822 7161 7527 7943 8174 8394 8653 8899 9334 9632
19  202 996 1275 1564 2077 2550 2657 2729 2846 2964 3294 3545 3770 3845 4014 4247 4682 4973 5355
24  203 911 1357 1790 1918 2105 2271 2323 2420 2853 3405 3895 4060 4192 4294 4369 4398 4797 7842 8376 8810 8961 9087 9537
34  204 817 1059 1160 1434 1470 1639 2126 2504 2727 2991 3153 3219 3392 3441 3597 3858 4206 4301 4544 5039 5159 5451 5990 6236 6525 7041 7404 7741 8085 8470 8667 8883 9302
15  205 536 2438 2958 3205 5944 6166 6350 6597 7141 7908 8329 9203 9413 9919
11  206 3420 3567 3870 3979 4205 4631 5104 5344 6079 6498
14  207 208 6008 6250 6421 6651 7053 7425 7764 8230 8669 9045 9444 9869
23  209 4105 4525 4933 4977 5253 5356 5508 5779 6195 6396 6584 6818 7120 7438 7774 8053 8266 8557 9153 9518 9701 9893
35  210 476 574 1035 1495 1695 1838 2137 2331 2605 2626 2855 3156 3360 3508 3753 3875 4104 4260 4512 4605 4876 5043 5385 5544 6456 6647 7014 7339 7482 8058 8250 8531 9326 9679
12  211 564 1087 1167 1576 1902 4562 5091 5250 5543 5695 9371
36  212 600 770 1236 1550 1849 2011 2087 2187 2347 2544 2931 2992 3161 3471 3554 4028 4314 4477 4642 4999 5352 5637 5872 6060 6361 6579 6859 7138 7814 8190 8565 8959 9324 9715 9883
30  213 497 700 1072 1493 1540 2030 2356 2645 2825 3257 3515 3788 4139 4338 4602 4894 5456 5675 5928 6176 6547 6775 6900 7256 7606 8396 8657 9482 9956
18  214 533 647 902 1179 1373 1489 1608 1704 1967 2164 2617 2755 3080 3274 3394 3624 3751
22  216 557 823 1213 1390 1443 1706 1753 1769 1926 1981 2308 2537 2797 3289 3591 3970 4160 4309 4419 7335 7633
40  217 589 892 1665 1746 1869 2152 2381 2496 2836 2979 3130 3356 3418 3562 3730 3786 4001 4333 4427 4574 4865 4992 5198 5358 5572 5784 5995 6352 6495 6832 7186 7403 7770 7931 8701 9050 9348 9496 9551
18  218 915 3652 3784 4050 4300 4481 4714 4922 5070 5187 5388 5785 6022 6310 6697 6906 7089
13  219 5598 6089 6307 6719 6956 7424 7709 7934 8228 8730 9310 9753
17  220 666 758 1170 1504 1574 1802 1862 1995 4634 7242 7779 8209 8602 8923 9391 9484
23  221 735 927 1065 1335 4241 4515 4662 4976 5682 5964 6179 6657 7262 7481 7698 7851 8179 8582 8903 9354 9510 9918
29  222 881 1138 1377 1644 1760 2125 2224 2280 2552 2803 3387 3699 3868 4072 4259 4618 4907 5140 5318 5654 6023 6177 6443 6739 6851 7062 7283 7437
27  224 857 1163 1437 1796 2069 2230 2514 2588 2801 3106 3324 3548 4029 4092 4432 4511 4701 4785 4923 5455 6094 6311 6559 6615 6868 6869
32  225 588 923 1131 1625 1819 2108 2153 2316 2358 3020 3308 3503 3934 4310 4693 5008 5195 5360 5820 6239 6390 6745 7251 7654 8067 8270 8715 9025 9274 9394 9725
14  226 592 792 1296 2007 2296 7831 8170 8374 8575 8842 9241 9438 9779
27  227 819 926 1260 1453 1494 1801 2018 2256 2560 2669 2685 3028 3416 5657 5921 6190 6355 6713 7103 7514 7828 8451 8871 9213 9620 9877
36  228 705 991 1291 1488 1720 2119 2401 2658 2897 3222 3433 3678 3950 4171 4527 4809 4882 5034 5486 5985 6374 6472 6633 7049 7538 7875 8150 8421 8856 8926 9180 9296 9529 9623 9807
25  229 575 617 847 3644 3947 4173 4532 4622 4842 4991 5271 5482 5728 6110 6262 6603 6747 6998 7573 8095 8345 8947 9265 9764
37  230 391 1176 1211 1784 2052 2411 2665 2942 3286 3453 3645 3703 4033 4110 4222 4287 4520 4768 4796 4997 5217 5472 5810 6152 6330 6576 6813 6955 7215 7454 7745 8382 8744 9176 9546 9975
19  231 824 1525 2015 2151 2259 2447 2761 2960 3135 3319 3877 7968 8333 8427 8659 8968 9457 9884
26  232 916 1034 1235 1502 1904 2142 2396 2449 5130 5411 5668 5934 6002 6252 6737 7563 7903 8004 8183 8677 8846 9128 9362 9639 9960
34  233 685 843 1050 1334 1469 1852 2124 2462 2556 2660 2857 3004 3167 3579 3808 4015 4321 4441 4921 5098 5365 5516 5762 6078 6452 6666 6801 7039 7496 8235 8628 9089 9508
21  234 518 924 1222 1499 1899 2251 2485 2706 2955 3133 3414 3495 3550 3707 4002 4216 8740 9293 9659 9970
25  235 727 1397 1809 2183 2508 2799 3083 3190 3385 3532 3852 4026 4120 4246 4637 4755 4998 5611 5678 5765 6102 6267 6438 6529
15  236 777 6168 6532 6760 6940 7191 7414 7781 8356 8906 9275 9640 9786 9912
22  237 676 899 1330 1478 2039 2362 4917 5307 5457 5623 5947 6132 6377 6636 6756 6914 7466 8036 8624 9163 9825
21  238 655 1063 1472 1748 2060 2206 2421 2541 2751 2886 3042 3160 3538 3653 3796 3932 4389 9105 9467 9734
25  239 609 771 921 1368 1530 1762 1948 2223 2563 3228 6231 6490 6947 7213 7421 7635 8031 8282 8491 8766 9202 9369 9569 9943
28  240 616 1159 1761 1861 2102 2300 2495 2670 3037 3125 3966 4641 4773 5229 5496 5617 5967 6143 6433 6763 6980 7973 8424 8877 9060 9396 9714
33  241 513 791 1127 1342 1467 1788 2228 2432 2742 3027 3374 3673 4657 4971 5267 5525 5642 6024 6111 6200 6376 6451 6649 6790 6965 7212 7522 7833 8732 9075 9377 9739
27  242 573 736 839 3506 3640 3876 4401 4536 4630 4789 4937 5146 5414 5644 6065 6240 6536 6786 7609 8021 8504 8855 9164 9469 9782 9988
19  243 718 811 4852 5297 5523 5647 5813 6146 6210 6465 6833 7175 7525 7849 8713 9339 9742 9972
19  244 1024 2174 2599 2859 3260 5958 6170 6550 6988 7381 7642 8105 8321 9031 9244 9619 9773 9878
34  245 632 858 1182 1239 1429 1879 2140 2298 2452 2688 2872 3064 3635 3660 4054 4313 4697 4939 5331 5522 5763 5950 5978 6149 6788 6972 7624 8110 8511 8965 9140 9325 9691
24  246 1184 1466 1617 1847 2058 2234 2497 2603 2880 3122 3290 3584 3754 3848 4147 6897 7237 7775 7959 8712 9068 9351 9710
18  247 1005 4704 4925 5136 5553 5945 6291 6415 6825 7149 7399 8090 8584 8775 9206 9291 9752
26  248 2939 3259 3428 3691 3820 4315 4691 4828 5003 5059 5276 5440 5665 5974 6318 6715 6921 7400 7570 8088 8696 8840 9136 9245 9862
22  249 603 764 1209 5176 5581 5846 6164 6196 6461 6702 6913 7061 7346 7571 7790 8056 8288 8695 8853 9424 9607
15  250 638 703 936 1162 1367 1757 2143 2435 2664 2684 2940 5661 5932 6489
19  251 872 3198 3455 3632 3822 3968 4177 4495 4918 5005 5116 5199 5492 5646 8991 9707 9855 9932
11  252 1088 1344 1701 6910 6976 7417 7577 8297 8909 9411
35  253 543 772 960 1252 1426 2014 2147 2309 2538 2720 2812 3071 3176 3336 3476 4053 4199 4330 4728 4927 5338 5742 5824 6075 6348 6558 6717 6808 7309 7429 7865 8223 8548 9129
31  254 281 840 1124 1298 1483 1930 2463 2559 2798 2977 3351 3657 4031 4262 4503 4790 5105 5220 5549 5799 6233 6496 6787 7038 7174 7673 8194 8278 8689 9890
19  255 292 5723 5897 6154 6609 6948 7418 7441 7595 7877 8188 8384 8681 8795 9135 9465 9557 9799
37  256 667 932 1541 1641 1826 1923 2194 2610 2760 3063 3249 3391 3518 3543 3582 3941 4387 4592 4740 5227 5513 5629 5733 5993 6172 6665 6985 7170 7637 8122 8322 8581 8960 9342 9629 9950
11  257 483 553 749 1097 1558 1908 7739 8342 9000 9703
21  258 283 1171 1490 1572 1951 2257 2493 2614 2970 3206 3529 3889 4186 4586 4966 5092 5164 8638 8985 9590
15  259 673 1153 1475 1723 2086 2193 2454 2741 2951 3417 3930 4399 4589 4920
39  260 719 1104 1232 1309 1684 1857 2076 2409 2498 2888 3159 3283 3743 4007 4221 4462 4737 4883 5117 5243 5343 5597 5700 5879 5907 6205 6442 6691 6872 7385 7649 8243 8616 8824 9214 9409 9571 9841
10  261 1362 1533 1846 4726 5262 5626 5772 6017 9904
36  262 305 1080 1353 1455 2070 2237 2443 2726 2913 3099 3267 3377 3594 3741 3843 4257 4487 5004 5299 5499 5650 6047 6101 6426 6635 6777 7096 7636 8012 8189 8490 8650 9227 9835 9983
30  263 279 696 797 1197 1597 2019 2204 2442 2826 3073 3270 3528 5233 5510 5620 5786 5935 6157 6453 6592 6961 7153 7435 7581 8078 8306 8461 9172 9540
12  264 348 1091 1435 1569 1751 7736 7988 8753 9007 9234 9768
18  265 680 951 1161 2743 3104 3297 3477 3704 3880 4097 4463 4659 4892 5275 5534 5702 5920
25  266 763 1044 1265 1557 1959 2045 2220 2393 2745 3189 3362 3465 3849 4100 4291 4548 4860 4934 5046 5210 5483 5711 5876 9736
20  267 943 1157 1246 1492 2340 2898 3072 3800 4319 4798 4979 5364 5571 5756 6147 6553 7078 7207 7502
16  268 776 947 1345 6241 6764 7056 7184 7229 7557 7989 8438 8693 9281 9645 9875
25  269 395 984 1295 1783 2141 2343 2533 2640 2770 2985 3101 3437 3793 3901 4145 4394 4466 4816 4932 5106 5398 5868 6120 6375
26  270 894 1532 1993 2254 2510 2813 2946 3439 3752 3884 3963 4165 4436 4723 4916 5166 5449 5841 6557 7233 7761 8185 8921 9363 9671
20  272 535 683 1026 1343 2624 2697 2776 2990 3088 3174 3493 3791 3988 4255 8340 8927 9306 9570 9976
29  273 744 918 1304 1833 2032 2161 2380 2573 2790 2915 3049 3149 3401 3494 3905 4188 4344 4435 4685 4836 5054 5383 5746 5997 6783 7034 7311 8005
40  274 530 1238 1649 1804 2037 2212 2351 2965 3075 3510 3863 4163 4341 4426 4546 4609 4700 4931 5468 5713 5976 6175 6356 6629 6841 6931 7259 7567 7840 7978 8130 8134 8447 8789 8932 9072 9499 9774 9990
19  275 298 869 1068 1250 1386 1934 2169 2375 2484 2879 7560 7821 8327 8473 8760 9126 9582 9871
26  276 807 1392 1699 2244 2459 2646 5420 5596 5795 6203 6331 6563 6766 7063 7250 7372 7583 7722 8199 8319 8442 9017 9196 9655 9897
18  277 670 864 999 1214 3955 4422 4699 5225 5404 5880 6384 6892 7095 7715 8080 8349 9071
15  278 3393 6071 6516 6699 6942 7084 7227 7639 7957 8622 8797 9177 9436 9751
27  280 552 3423 3606 3851 3985 4089 4218 4500 4625 4774 5033 5292 5379 5452 5588 5757 6015 6513 6718 6863 7312 8082 8949 9501 9650 9903
32  282 308 945 1302 1906 2089 2342 2582 2619 3038 3714 4267 4498 4762 5049 5340 5587 5930 6020 6317 6483 6664 6917 7172 7926 8137 8301 8371 8595 9108 9614 9856
34  284 679 825 1110 1322 1565 1745 2198 2448 2746 3121 3398 3464 3641 3828 3916 4298 4564 4855 5317 5607 5816 5924 6122 6366 7187 7509 8057 8453 8586 8806 8975 9225 9403
21  285 784 844 1169 1306 1549 1795 2090 2505 2716 5936 6572 6954 7330 7680 7975 8255 8645 9120 9610 9969
22  286 601 751 1194 1269 1636 1950 4667 5042 5186 5575 5771 6108 6423 6503 6884 7305 7773 8267 8801 9247 9514
24  287 3782 4150 4442 4753 5111 5280 5372 5705 5894 6266 6758 6847 7115 7183 7614 8156 8618 8742 9041 9278 9463 9573 9732
32  288 508 559 721 1107 1305 1634 1739 2073 2414 2866 2982 3372 3694 3944 4074 4451 4772 5030 5158 5648 5738 5834 6308 6740 7065 7219 7536 7888 7993 9171 9858
38  289 642 1015 1323 1424 1604 1768 1856 1953 2246 2502 2628 2769 2949 3313 3516 3708 3865 4038 4119 4513 5002 5341 5808 6014 6197 6518 6733 6932 7226 7501 7836 8264 8293 8953 9480 9696 9909
12  290 295 1827 2186 2302 2553 2601 2725 2865 8539 9266 9596
23  291 307 885 1017 1095 1249 1440 1581 1947 2085 2488 2596 3006 3373 3542 3668 4095 4268 4529 4901 5258 5439 5507
29  293 665 990 1143 1588 1815 3068 3202 3407 3669 3853 4030 4534 5133 5559 5739 6005 6534 6878 7033 7298 7832 8305 8390 8937 9386 9600 9704 9749
20  294 515 773 1056 1438 4841 5109 5447 5874 6287 6569 6871 7211 7324 7410 7671 7883 8093 8738 9248
21  296 4380 4672 4750 4980 5029 5421 5886 6072 6139 6435 6542 6707 7365 7550 7998 8317 8782 9287 9506 9921
22  297 895 1314 1497 5319 5527 5839 6242 6676 7094 7273 7450 7905 8214 8449 8731 8875 8887 9216 9400 9657 9783
26  299 684 1101 1288 1615 2264 2486 2786 3184 3539 3649 3973 4130 4198 4613 5056 5339 5833 6325 6670 6761 6912 7135 8257 8556 9552
28  300 765 3634 4265 4576 4788 5162 5378 5829 5901 5979 6155 6334 6588 6814 6993 7286 7377 7889 8116 8303 8819 9112 9338 9519 9647 9813 9937
13  301 598 913 1205 1921 2293 2822 3058 3396 3643 3862 4360 4781
9  302 937 1081 1216 1329 1587 2020 2317 4332
32  303 570 889 1083 1217 1568 1734 2013 2285 2598 2805 3113 3310 3402 3744 4011 4373 4619 4895 5255 6507 7043 7456 7682 7820 7985 8386 8675 9195 9345 9747 9803
27  304 663 1049 4076 4396 4587 4996 5313 5487 5858 6019 6148 6276 6410 6742 6960 7152 7277 7463 7917 8258 8460 8721 9224 9461 9606 9908
29  306 850 987 1279 1598 1628 1775 1992 2146 2348 2383 2694 2868 5610 6031 6411 6555 6923 7331 7443 7960 8291 8431 8771 9102 9380 9733 9834 9929
29  309 565 798 1183 1294 1972 2326 2887 3053 3201 3654 3902 4409 4870 5362 5470 5685 6000 6286 6388 6798 7368 7928 8286 8537 8833 9269 9738 9991
16  310 628 3279 3570 3975 4182 4242 4430 5066 5315 5619 5752 5909 6083 6214 6428
36  311 746 1106 1372 1673 2066 2275 2408 2501 2738 2894 3168 3382 3587 3686 3846 4004 4354 4458 4560 4826 5012 5403 5716 6034 6363 6849 6987 7080 7297 7662 8530 8834 9119 9390 9906
26  312 314 3706 4122 4349 4583 4612 4653 4817 4929 5283 5382 5595 5773 5913 6259 6755 6890 7128 7371 7724 7946 8259 8605 8904 9603
35  313 501 693 1111 1477 1998 2359 2663 2807 2987 3123 3210 3258 3740 3972 4351 4554 4965 5048 5124 5249 5373 5505 5651 5910 6021 6399 6653 6748 7071 7554 7920 8045 8703 9500
30  315 528 708 1023 1270 1562 1822 1974 2209 2662 2851 3298 3991 4295 4473 4611 4890 5475 6648 7139 7326 7864 8169 8464 8609 8979 9155 9455 9810 9986
39  316 317 849 1225 1401 1607 1709 1971 2200 2472 2737 3043 3429 3769 4080 4196 4307 4555 4820 5143 5333 5542 5652 5853 5961 6051 6504 6909 7000 7203 7681 7974 8148 8705 9023 9210 9491 9758 9861
21  318 1765 1987 2284 2520 2878 3139 3350 3435 3484 3871 3957 4106 4492 4830 5150 5539 5729 5842 6216 9924
35  319 830 1077 1352 1610 1742 2195 2365 2676 2765 2986 3030 3480 3995 4353 4633 4780 5055 5298 5429 5720 5954 6400 6711 6973 7193 7378 7600 7879 8415 8749 8928 9317 9460 9852
9  320 6339 6867 7280 7530 7904 8478 9144 9454
17  321 1022 4202 4342 4561 4669 4751 5992 6070 6662 6984 7218 7433 7834 8392 8902 9716
33  322 783 1642 1946 2455 2796 3109 3355 3622 3961 4043 4474 4787 4900 5082 5428 5721 5922 6365 6701 7023 7171 7388 7667 7870 8014 8195 8483 8876 9139 9319 9642 9708
22  323 3474 3976 4347 4871 5206 5400 5500 5667 6295 6594 6779 7059 7337 7471 7760 7778 8208 8469 8798 8996 9760
13  324 5546 5981 6431 6970 7209 7566 7890 8159 8576 8832 9367 9811
22  325 359 955 1675 2460 2839 2922 3670 3925 4348 4581 4898 5087 6237 6709 6986 7263 7546 8377 8907 9505 9814
41  326 539 722 1031 1147 1579 1763 1913 2127 2278 2374 2546 2792 3009 3334 3517 3655 3965 4178 4296 4652 5113 5326 5480 5609 5689 5971 6127 6284 6614 6831 7163 7548 7734 8032 8566 8769 9322 9509 9839 9998
23  327 702 910 1346 1543 5291 5488 5775 6033 6349 6379 6497 6796 7066 7332 7621 7823 8114 8615 8993 9263 9478 9987
14  328 853 5741 5837 6272 6528 6905 7413 7558 7899 8164 8436 8969 9472
35  329 567 800 983 1276 1527 1798 1991 2235 2431 2633 2861 3067 3332 3726 4070 4297 4433 4577 4722 4795 5108 5568 5814 5972 6187 6316 6840 6866 7561 8268 8542 9130 9439 9966
16  330 3272 4039 4329 4505 4727 4874 5015 5151 5394 5714 5973 6416 6502 6738 6845
13  331 541 738 6591 7086 7319 8279 8736 9117 9408 9652 9819 9930
15  332 361 1687 1867 2084 2192 2248 2594 2850 3199 3772 4071 4388 5097 5634
18  333 968 1442 1845 1960 2352 2679 2972 3427 3757 4041 4087 4431 4814 5197 5424 5760 5996
9  334 766 914 5747 6068 6225 6515 7005 7532
22  335 473 1145 1518 4200 4457 4616 4844 5324 5743 6245 6612 7022 7439 7512 7933 8172 8313 8525 8838 9253 9896
27  336 500 813 1254 1555 1854 2098 2292 2503 2636 3232 3734 3924 4225 4491 4635 4724 4988 5131 5252 5425 5535 8888 9185 9402 9544 9876
30  337 349 3154 3491 3603 3755 4079 4275 4539 4680 4881 5060 5459 5856 5911 6201 6353 6488 6887 7214 7593 7777 8138 8273 8598 8774 8956 9065 9321 9593
23  338 519 593 789 966 3766 4103 4411 4695 5149 5589 5817 6010 6412 6605 6752 7118 7574 8502 9051 9476 9882 9980
23  339 706 3430 3750 3899 4056 4412 5218 5593 6027 6294 6622 6848 7300 7357 7789 8020 8527 8672 8843 9222 9524 9872
34  340 540 701 898 1150 1365 1782 2023 2702 3337 3514 3650 4058 4316 4664 4854 5203 5354 5594 5649 5861 6057 6260 6407 6722 7387 7500 7885 8101 8401 8799 9187 9791 9931
29  341 835 1011 1413 1561 1824 2328 2666 2870 3173 3426 3625 3962 4775 4955 5085 5335 5869 6106 6565 6857 7353 7465 7728 8225 8892 9316 9495 9755
30  342 504 607 723 2784 3057 3117 3269 3327 3586 3872 4034 4116 4164 4320 4721 5069 5363 5655 6432 6585 7009 7181 7603 7878 8107 8468 8865 9525 9992
11  343 6162 6573 6843 7638 7937 8218 8545 8692 9169 9698
35  344 621 1461 1773 1920 2093 2279 2677 2910 3129 3271 3533 3806 4159 4573 4867 5123 5240 5485 5683 5960 6167 6345 6548 6700 6782 7079 7668 8283 8610 8656 8940 9240 9292 9605
17  345 350 677 5244 5545 5822 6144 6567 6860 7351 7743 7813 8507 8861 9134 9238 9902
36  346 545 1066 1500 1513 1740 2135 2569 2793 3076 3320 3561 3789 3882 4113 4428 4552 4679 4969 5310 5585 6093 6413 6608 6708 7167 7703 7910 8248 8367 8418 8676 9055 9332 9627 9926
26  347 786 1256 1622 1829 2056 2699 3103 3527 3537 4102 4214 4413 4803 5017 5086 5178 5320 5564 5983 6305 7025 7408 7531 7857 8092
29  351 460 882 1135 1274 1517 1978 2567 3200 3763 4174 4551 4703 4970 5189 5511 5877 6380 6643 6895 7264 7712 7942 8117 8747 9074 9487 9689 9952
14  352 6315 6606 7072 7420 7725 7999 8129 8440 8663 9024 9267 9801 9888
26  353 720 852 1098 1592 1728 2173 2528 2900 2981 3203 3588 3764 4121 4285 4757 5018 5193 5479 5690 5941 6061 6682 6812 6927 7322
14  354 595 1807 2511 2757 2928 3164 3315 8131 8522 8954 9434 9822 9961
14  355 5819 6136 6538 6652 7042 7499 7653 8139 8505 9021 9474 9712 9843
15  356 605 816 1021 1404 1621 1970 2724 2827 3178 4040 4209 4468 4588 4810
28  358 681 1204 1535 1907 2232 2446 2775 2996 3193 3511 3585 3633 3830 4067 4469 4645 4897 5216 5692 6103 6492 6685 6957 7436 7714 8300 8723
8  360 660 1299 4184 4490 4716 5050 5173
22  362 367 865 1108 1416 1526 1865 2354 2794 2892 3119 3333 3600 3771 3850 4052 4227 4434 4603 4646 4811 9664
4  363 5577 6004 6359
13  364 5088 5673 6520 7145 7398 7485 7686 7816 8229 8446 9151 9601
17  365 704 837 1152 1445 1653 1853 1881 2172 2263 5057 5521 5703 5774 9328 9770 9994
5  366 5405 5684 6091 9682
30  368 1140 1814 1982 2207 2507 2627 2721 3015 3473 3564 3840 4201 4424 4542 4719 4958 5296 5601 5948 6077 6222 6351 7472 8022 8488 8683 9106 9373 9829
24  369 1230 2307 2816 3084 3307 3357 3614 4149 4832 4961 5219 5465 5758 5946 6228 6397 6593 6966 7677 7953 8157 9029 9397
22  370 430 4148 4459 4559 4705 5013 5190 5417 5567 6354 6578 6714 7106 7630 8320 8727 9039 9143 9446 9589 9789
25  371 480 828 1198 1563 1909 2177 2283 2456 2719 2809 2909 3036 3090 3212 3460 3541 3945 4166 4312 4363 4572 4690 4847 4967
23  372 385 714 3565 3761 3951 4374 4779 5134 5426 5828 6156 6217 6506 6704 6811 7046 7267 7755 7918 8546 9765 9971
29  373 433 1057 1650 1911 2129 2465 2773 2883 3085 3312 3886 4078 4471 4725 5170 5645 5915 6180 6340 6964 7131 7518 7867 8381 8735 8977 9624 9935
20  374 610 1189 1681 1922 2388 5477 5699 5896 6158 6420 6730 6815 7150 7753 7997 8503 9078 9523 9762
10  375 692 978 1452 1618 4607 4818 5068 5311 5380
13  376 846 1123 1398 1680 1905 2332 2644 2838 2935 2980 3062 9384
16  377 566 980 1228 1412 1614 1743 2044 2399 2571 2959 7239 7596 8051 8358 9052
28  378 524 716 981 1363 1593 1886 2154 2477 2766 3105 3208 3450 3504 3615 4003 4238 4407 4563 4749 4942 4989 5215 5443 5599 5809 9661 9923
13  379 779 944 1208 2036 2394 6264 6937 7457 8086 8099 9014 9264
28  380 398 761 969 1395 1496 1698 2941 3252 3449 3775 4037 4167 4308 4384 4745 4993 5144 5462 5616 5776 6009 6319 6922 7036 7394 7806 8128
34  381 768 977 1093 1387 1523 1942 2097 2457 2947 3143 3223 3623 3893 4220 4439 4770 5141 5241 5751 5943 6481 6705 6767 7179 7626 7759 8033 8202 8357 8989 9550 9720 9831
13  382 451 775 1255 1585 2026 2240 2871 7802 8193 8564 9350 9927
15  383 511 713 1001 1360 1419 1764 1976 2252 2437 2595 2682 2780 2906 3107
26  384 386 866 939 1142 1264 1553 1584 1787 2040 2274 2474 2622 2673 2800 3018 3239 3685 3825 3874 4096 4317 4504 8073 9026 9416
16  387 578 687 917 1326 1578 1957 2182 2289 2554 2693 3007 3171 3629 3824 6870
22  388 585 1042 1278 1580 1800 2163 2291 2471 2630 2847 3120 5709 5918 6300 6667 6916 7555 7884 8160 8583 9116
33  389 596 854 1099 1459 1901 2132 2226 2453 2631 2692 2817 2936 3241 3610 4253 4521 4827 5374 5737 6086 6393 6545 6875 7132 7361 7565 8037 8238 8535 8980 9280 9618
18  390 457 560 971 1446 1663 2156 2586 2802 3069 3341 3792 4005 5047 5359 9083 9493 9705
30  392 818 1229 1692 1910 2079 2587 2795 3213 3814 4137 4502 4658 4884 5160 5245 5402 5862 6082 6288 6517 6626 6731 7348 7748 8173 8785 9464 9759 9916
36  393 906 1262 1956 2179 2261 2487 2674 2782 3002 3145 3248 3344 3403 3747 3921 4065 4325 4400 4706 5096 5314 5569 5836 5962 6562 6881 7199 7363 7898 8253 8348 8487 8688 9033 9683
27  394 756 958 1186 1428 1988 2231 2439 2753 3035 3115 3349 3497 4136 4357 4488 4707 4987 5263 5518 5940 6255 6256 6604 6994 7295 8074
18  396 463 1075 1732 2043 2367 2653 2903 3019 3288 3873 4179 4438 4629 4856 5152 9644 9833
36  397 482 594 912 1202 1383 1586 1724 1871 2106 2330 2615 3140 3390 3519 3619 3907 4361 4601 4911 5065 5248 5493 5851 6268 6560 6800 7060 7289 7590 8091 8563 8897 9343 9565 9678
27  399 569 669 753 1139 1286 1394 1544 1874 2150 2344 2635 2837 2968 3112 3469 3729 4025 7117 7375 7886 8006 8462 8858 9181 9608 9820
33  400 488 774 1121 1427 2046 2148 2542 3056 3361 3856 3971 4266 4556 4694 5040 5504 5663 5791 5906 6169 6527 6716 6858 7099 7285 7507 8079 8549 8761 9289 9611 9790
31  401 691 1012 1257 1875 2059 2440 2687 3155 3293 3500 3710 3879 4281 4644 4752 4864 5156 5871 5998 6285 6660 6780 7091 7302 7510 7817 8347 8479 8619 9283
12  402 496 1000 5766 6199 6620 7100 7401 8192 8826 9236 9901
28  403 619 920 1781 2034 2247 2310 2524 2678 3150 4114 4402 4648 4944 5445 5621 6115 6817 7373 7484 7693 7924 8097 8314 8711 9318 9536 9844
21  404 793 1052 1258 1589 1897 2115 2483 2895 3265 3442 3661 3923 6816 7234 7494 7824 8234 8941 9330 9672
18  405 489 848 1028 1178 1277 1382 1726 1850 2063 2376 2833 2932 3182 3802 4124 4334 4524
31  406 558 652 809 1219 1458 1654 1747 1858 2217 2417 2547 2748 3050 3207 3229 3376 3881 4234 4660 4924 5145 5431 5883 6440 6575 7013 7676 8886 9481 9870
28  407 3285 3544 3695 4017 4323 4643 4819 5063 5207 5586 5718 5863 6076 6208 6282 6409 6773 7154 7666 7994 8167 8428 8643 8852 9398 9687 9985
24  408 626 732 903 1032 1231 1460 5062 5473 5827 6290 6500 6674 6944 7087 7189 7617 7860 8176 8385 8544 8999 9668 9905
21  409 644 1029 1318 1860 2225 2306 2481 2920 3116 6799 7192 7409 7504 8010 8308 8633 9200 9502 9699 9964
34  410 490 640 871 1546 1729 1793 1937 2213 2555 2609 3070 3322 3431 3608 3918 4098 4279 4450 4804 4951 5067 5325 5579 6066 6539 7121 7412 7894 8241 8433 8756 8929 9054
26  411 414 826 1019 1594 2149 2532 2710 2891 2993 3452 3574 3736 4008 4154 4479 4763 7627 7822 7935 8226 8646 8933 9090 9357 9895
12  412 521 1134 1320 1410 1679 2082 2470 2574 7939 8767 9441
35  413 417 688 933 1710 1876 2131 2386 2638 2754 2927 3118 3165 3440 3593 3742 4210 4272 4343 4507 4632 4984 5497 5854 6067 6511 6695 7052 7245 7587 8017 8573 8772 9066 9486
46  415 568 767 995 1168 1289 1396 1479 1842 2180 2566 2639 2844 3231 3411 3605 3662 3898 3936 3981 4175 4269 4547 4873 5022 5181 5430 5704 5933 5989 6183 6382 6683 6886 7155 7314 7578 7837 8064 8292 8600 8674 9032 9270 9415 9617
20  416 747 1128 1536 1689 1966 2175 2722 2967 3110 3237 3693 3869 4263 7396 8244 8725 9192 9405 9667
37  418 653 863 1051 1359 1785 1997 2250 2642 2723 3078 3227 3470 3602 3659 3779 4258 4337 4392 4537 4614 4850 5079 5211 5495 5715 5939 6278 6789 7098 7253 7362 7476 8046 8532 8955 9741
21  419 1694 1962 2216 2319 2516 2764 2924 3345 6121 6475 6693 6904 7137 7582 8597 8990 9208 9520 9721 9948
34  420 712 1004 1361 1677 2000 2136 2353 2475 2613 3191 3329 3447 3525 3977 4698 5019 5237 5580 5850 6116 6430 6967 7288 7678 8027 8181 8403 8607 8664 9059 9419 9809 9981
31  421 467 752 1112 1240 1325 1380 1609 1955 2184 2621 3250 3498 3630 3942 4169 4538 4889 5246 5464 6058 6663 6861 7028 7355 7610 7735 8304 8741 9329 9953
17  422 599 957 986 1215 1509 1755 1984 2372 2607 3059 3422 3601 3760 8763 9556 9797
34  423 454 654 1115 1520 1750 1931 2051 2236 2691 2914 3175 3555 3854 4111 4859 5182 5346 5550 5680 5848 6045 6402 6628 7019 7290 7670 8050 8465 8585 8839 9303 9336 9475
14  424 484 873 1271 1851 2210 2349 2762 5615 5805 6053 6109 6401 6552
34  425 597 717 1341 1620 1810 2005 2188 2385 2570 2774 2912 3211 3384 3499 3732 4073 4461 4516 4717 5135 5192 5501 5565 5671 5881 6271 6896 7307 7598 8163 8779 9121 9660
14  426 4405 4782 5011 5132 5481 6046 6728 6974 7594 7810 8637 8998 9533
11  427 922 1283 1531 1725 2021 7967 8247 8716 9159 9414
28  428 637 887 1007 1752 2245 2698 2854 2930 3163 3443 3560 3857 4129 5710 6035 6530 6741 7366 7798 8042 8123 8588 8755 9034 9132 9242 9534
31  429 579 975 1266 1425 1705 2158 2318 2937 3316 3681 3933 4125 4482 4689 4858 5202 5401 5608 5900 6137 6403 6862 7124 7427 7580 8519 8823 9158 9587 9666
35  431 492 778 1203 1510 1668 1873 2166 2419 2549 2919 3065 3224 3571 4018 4304 4676 5101 5366 5584 5917 6100 6258 6429 6571 6687 6949 7110 7395 7769 8285 8893 9449 9586 9846
13  432 6182 6600 6729 6939 7090 7689 8125 8393 8860 9428 9665 9828
10  434 516 925 1268 1508 1643 2539 5864 9812 9915
21  435 956 1192 1407 1660 1843 2067 2529 2917 2995 3086 3180 3383 6151 6418 6501 7235 7818 8651 9189 9560
11  436 563 890 1054 1350 1700 6171 6447 6505 6598 6838
18  437 556 972 1655 1813 2113 2468 2689 2989 3277 6680 7470 7869 8263 8621 9067 9681 9938
30  438 1030 1105 1631 1887 1979 2130 2324 2467 2864 3077 3197 3580 3803 4027 4077 4615 4945 5287 5547 5745 6013 6450 6827 7026 7393 8171 8476 8709 9830
23  439 487 861 1148 1312 1539 1686 1834 2160 2430 5306 5890 6343 6962 7615 7969 8718 8831 9063 9425 9675 9788 9889
34  440 782 1062 1273 1340 1567 2072 2122 2464 2828 2999 3233 3342 3774 4248 4376 4636 4834 5076 5236 5437 5755 6080 6125 6470 6706 7018 7258 7534 7893 8352 8665 8872 9730
19  441 627 1173 1423 1515 1738 2117 2500 2749 2873 3367 3620 3787 7862 8070 8682 8859 9599 9745
26  442 475 725 862 1069 1482 1715 1828 1994 2134 2389 2525 2975 3196 3481 3717 6029 6477 6656 6889 7490 7663 8013 8808 9361 9967
22  443 548 743 1155 1448 1646 1812 2099 2625 2918 5520 5835 6192 6457 6743 7221 7730 8034 8330 9010 9407 9806
19  444 587 1064 1313 1969 2364 2611 2952 5681 5878 6292 6675 6941 7247 8339 8786 9018 9160 9854
31  445 602 1076 1405 1538 1721 1925 2114 2304 2450 2700 2911 3041 3358 3687 3894 4240 4478 4877 5103 5322 5694 5830 5903 6073 6277 6391 6601 7165 7405 7801
23  446 503 961 1259 1439 1877 2104 2926 5732 5959 6193 6424 6854 7411 7643 7771 7907 8198 8509 8776 9353 9670 9892
34  447 815 985 1058 1632 1712 1779 1884 2191 2473 2680 2984 3246 3419 3674 4168 4568 4926 5295 5563 5840 6098 6221 6480 6681 7225 7727 7844 8260 8815 9088 9301 9365 9881
28  448 549 845 1125 1324 1422 1556 1714 2320 2480 2531 2589 2734 2885 3094 3302 3595 3827 6467 6908 7315 7592 7936 8365 8702 9156 9673 9949
9  449 456 643 893 1060 1355 4835 5023 5256
29  450 512 629 831 1351 1529 1651 2027 2360 2392 2641 2849 3060 3347 3613 3746 3959 4135 4144 4569 4786 4940 5077 5415 5463 5905 6367 6463 6938
22  452 748 908 1126 1451 1708 2290 2527 2731 2876 2998 3079 3399 3697 6583 7475 7721 7982 8295 8613 9199 9692
25  453 477 3523 3904 4091 4195 4286 4590 4675 4806 5010 5357 5591 5769 6235 6568 6726 7073 7356 7793 8133 8417 8524 8978 9392
11  455 671 5036 5408 5688 5942 6126 6381 6425 6544 7001
29  458 622 946 1191 1462 1766 2071 2297 2612 2643 2869 2956 3141 3253 3456 3832 5347 5873 6174 6486 6625 6792 7016 7645 8398 8634 8874 9382 9880
34  459 879 1053 1243 1691 2155 2299 2490 2647 2867 3162 3331 3546 3799 4048 4509 5072 5422 5519 5691 6007 6327 6750 7002 7287 7434 7805 8044 8678 8862 9340 9542 9766 9996
29  461 550 707 1113 1321 1480 1666 1840 2028 2249 2650 2856 3146 3722 4299 4708 5167 5301 5590 5891 6313 6395 6712 7130 7440 7740 7990 8486 9239
34  462 699 909 1547 1820 2100 2379 2701 2808 2890 3209 3386 3521 3765 4057 4207 4523 4730 4928 5238 5636 5790 6263 6448 6679 6907 7176 7334 7705 7944 8213 8499 9070 9612
3  464 3304 8482
26  465 472 739 896 1008 1476 1771 2050 2190 2536 2733 2814 2842 3045 3689 3885 4152 4386 4628 4748 7912 8281 8567 9044 9429 9646
37  466 507 821 1338 1821 2065 2189 2377 2709 2957 3082 3380 3575 3821 4254 4464 4579 4761 4985 5273 5656 5812 6254 6524 6599 6746 7113 7340 7780 8029 8366 8526 8568 8908 9257 9479 9585
22  468 3022 3535 3948 4109 4365 4794 5006 5514 5686 6219 6464 6721 6879 7599 8072 8388 8710 9165 9631 9735 9963
31  469 674 827 1188 2997 3247 3379 3759 3911 4000 4158 4381 4747 5115 5259 5560 5793 6037 6142 6303 6512 6809 7195 7460 7631 8059 8707 9268 9538 9804 9999
30  470 481 532 938 982 1218 4256 4489 4608 4954 5247 5466 5517 5750 6028 6150 6333 6753 6924 7173 7347 7386 7464 8030 8168 8599 8821 9215 9489 9744
27  471 636 754 891 1364 1778 1924 2145 2329 2478 2732 5538 5821 5902 6130 6323 6546 6694 7008 7279 7652 8109 8477 9013 9113 9695 9778
