33  2 574 617 1077 1567 1790 2027 2610 2883 3065 3581 3915 3998 4165 4440 4808 5168 5543 5758 6111 6473 7017 7278 7311 7494 8212 8474 8737 8942 9281 9488 9925 9952
32  3 47 1112 1297 1743 2004 2351 2384 2491 2757 2825 3067 3361 3782 4033 4359 4603 4805 4920 5267 5636 5784 5901 6260 6777 7206 7501 7959 8260 8779 9189 9662
27  5 781 951 1394 1786 1878 2589 3193 3389 3523 3724 4305 4778 5145 5369 5776 6243 6722 7191 7432 7573 7867 8503 8568 8935 9430 9802
32  6 771 825 1328 1618 1759 2036 2721 2942 3169 3506 3694 3891 4085 4488 4820 4995 5155 5171 5365 5861 6170 6386 6964 7467 7990 8255 8514 8797 9493 9664 9944
29  9 96 705 911 1250 1473 1968 2367 2785 3101 3308 3795 3970 4323 4729 5028 5424 5474 6006 6689 7164 7502 7799 8167 8327 8548 8677 9127 9562
28  11 496 1049 1442 1646 1856 2007 2504 2807 3358 3553 4035 4554 4834 5275 5759 5929 6437 6902 7512 8030 8096 8729 8878 9119 9353 9580 9635
26  12 869 1194 1431 1559 1907 1942 2141 2667 3195 3359 3769 4135 4498 4627 5201 5556 5938 6181 6545 7391 7869 8517 9116 9532 9947
30  13 498 601 709 1066 1655 2084 2399 2579 3102 3558 4104 4193 4917 5234 5420 5578 6090 6327 6868 7217 7739 8086 8269 8598 8916 9028 9310 9556 9776
24  15 1014 1291 1849 2242 2639 2948 3197 3527 3833 4152 4641 4815 5446 5816 6428 6865 7357 7908 8239 8792 9171 9311 9996
25  16 52 844 1220 1487 1771 1899 2191 2441 2866 3265 3614 4273 4452 4846 5215 5734 6286 6893 7346 7617 7995 8513 8949 9386
32  17 553 800 1056 1215 1425 1763 1895 2139 2636 2728 3182 3505 3854 4169 4354 4565 4689 5025 5338 5871 6351 6606 6870 7130 7498 8097 8432 9057 9543 9658 9755
28  18 740 966 1186 1577 1888 2197 2790 2987 3360 3890 4591 4744 5315 5812 5996 6104 6157 6626 6854 7109 7720 8273 8850 9085 9347 9661 9782
28  19 26 694 1343 1831 1972 2280 2404 2928 3234 3749 4109 4651 5293 5524 5887 6129 6242 6528 7063 7419 7620 7864 8262 8695 9139 9533 9972
26  20 613 845 1511 1795 2193 2520 3043 3728 4081 4662 4856 4998 5415 5729 6210 6464 7080 7292 7648 7971 8558 8782 9391 9689 9819
26  21 572 682 1223 1365 1783 2010 2327 2742 3198 3763 4272 4666 5069 5266 5522 5891 6314 6450 7263 7827 8337 8547 9232 9383 9970
29  22 817 1555 2102 2254 2559 2850 3184 3342 3686 4098 4181 4476 4984 5233 5554 6021 6410 6615 6985 7179 7327 7737 8347 8607 8877 9264 9753 9984
27  24 111 814 1037 1660 1746 2015 2343 2533 3027 3400 3837 4427 4763 5185 5661 6244 6435 6652 6730 7083 7120 7209 7593 8103 8463 9309
32  25 569 769 1493 1957 2057 2374 2907 3305 3452 3900 4264 4477 4611 4952 5121 5598 6014 6282 6494 6979 7122 7493 7722 8220 8495 8832 8898 9105 9254 9571 9967
27  28 537 1213 1312 1610 2114 2214 2402 2910 3206 3484 3787 4385 4890 5248 5526 5820 6307 6881 7296 7713 7891 8192 8459 8866 9246 9695
30  29 484 565 674 829 1232 1468 2029 2320 2752 2988 3334 3483 3745 3934 4091 4644 4911 5072 5714 6084 6624 6934 7366 7653 8078 9026 9351 9622 9886
21  30 931 1458 2052 2567 2938 3547 4117 4583 4780 4979 5316 5698 6123 6474 6805 7673 8242 8806 9396 9600
28  31 556 570 748 1064 1391 1876 2124 2300 2674 3508 3844 3951 4141 4801 5245 5473 5670 6231 6343 6630 6852 7053 7464 8064 8395 8857 9639
27  32 633 1081 1670 2152 2391 2710 3268 3495 3831 3973 4304 4513 4869 5250 5781 6375 6434 6858 6957 7215 7950 8067 8676 9106 9471 9878
32  34 629 924 1221 1388 1534 1851 2270 2865 3089 3440 3774 4128 4558 4746 4993 5301 5491 5739 5906 6220 6550 7151 7410 7700 8077 8484 8656 9225 9631 9771 9999
32  35 788 790 1191 1528 1809 1931 2463 2783 2912 3056 3695 3974 4154 4608 4826 5469 5566 5791 6059 6563 7138 7384 7702 7927 8469 8621 8999 9221 9341 9530 9763
28  36 473 775 1171 1615 1940 2656 3151 3384 3630 3895 4309 4863 5184 5441 5949 6080 6471 6768 7183 7537 7947 8341 8387 8837 9234 9539 9770
25  37 60 1003 1354 1838 2306 2672 2952 3390 4199 4601 5147 5535 6124 6288 6482 6774 7403 7677 7844 8170 8417 8912 9344 9854
27  38 706 1265 1708 1867 2083 2251 2810 3048 3513 3572 4062 4472 5066 5655 6297 6581 6651 7010 7436 7845 8164 8435 8773 9441 9615 9883
26  39 898 1274 1434 1974 2688 2971 3347 3739 4266 4505 4687 5062 5444 5972 6640 7091 7534 7952 8523 8707 8846 9040 9289 9374 9665
30  40 43 732 1133 1471 1926 2055 2323 2458 2899 3401 3644 3995 4407 4838 5273 5555 5839 6256 6636 6869 7299 7810 8098 8388 8530 9181 9433 9698 9927
31  41 934 1268 1593 1799 2132 2286 2794 2958 3258 3471 3805 4331 4422 4674 4901 5309 5702 6198 6424 6705 6914 7170 7608 8082 8261 8788 9098 9193 9686 9862
27  42 54 719 1234 1518 1695 1720 2206 2365 2713 3091 3590 4176 4202 4737 4922 5353 5846 6530 7066 7429 7872 8356 8789 9009 9275 9740
27  44 68 1128 1375 1498 1815 2309 2817 3269 3677 3917 4121 4333 4634 4789 5359 5712 6152 6758 6924 7140 7341 7770 8126 8487 9205 9735
32  45 70 581 892 1142 1584 1784 2445 2727 2936 3211 3465 3659 4253 4710 4877 5366 5631 5716 5945 6472 6685 7100 7631 7764 7909 8580 8871 9004 9134 9358 9672
26  49 215 953 1061 1275 1766 2389 2760 3503 3604 3711 4256 4752 5004 5407 5723 6200 6515 6654 7228 7841 8210 8465 8694 9244 9818
28  50 74 868 1208 1663 2170 2560 2746 2949 3626 4074 4330 4825 5312 5511 5844 6255 6365 6529 6833 7189 7640 8015 8746 9058 9294 9473 9921
27  51 540 1042 1550 2147 2634 3273 3853 4020 4346 4563 4977 5002 5380 6057 6599 7025 7233 7499 7866 8117 8238 8755 9001 9200 9420 9656
28  53 119 832 1435 2038 2657 2869 3372 3617 3976 4299 4950 5332 5583 5709 6143 6320 6618 6701 7006 7524 7666 8168 8693 8747 9259 9320 9649
26  55 477 824 1306 1636 1991 2611 3322 3642 4004 4244 4962 5461 5848 6229 6693 7158 7338 7692 8251 8441 8578 8915 9180 9435 9781
24  56 513 1281 1998 2315 2926 3080 3407 3563 3880 4250 4550 5036 5381 5805 6325 6637 7146 7450 7960 8293 8900 9265 9866
29  58 72 628 941 1279 1662 2001 2162 2594 2675 2939 3248 3986 4275 4679 5098 5488 5770 5989 6491 6723 6927 7547 8227 8472 8801 8972 9283 9876
28  59 952 1280 1531 1742 1800 1993 2438 2617 3256 3601 4048 4381 5016 5199 5452 5610 5886 6007 6142 6517 6916 7552 8264 8427 8828 9031 9392
29  61 666 1183 1264 1744 1914 2290 2486 2677 3221 3416 3603 3950 4504 4810 5048 5345 5638 5987 6344 7214 7352 7840 8123 8266 8761 9196 9596 9874
26  62 93 859 893 1251 1651 2142 2576 2843 3504 3820 4227 4268 4837 5421 6140 6201 6760 6806 7595 7963 8295 8680 9014 9697 9991
25  63 79 1044 1712 2051 2748 2984 3540 3904 4475 4669 5039 5793 6379 6675 7328 7678 7923 8001 8279 8433 8561 8958 9415 9676
25  64 698 990 1706 2294 2670 3074 3297 3715 3969 4126 4697 5154 5249 5492 5897 6331 6663 7162 7738 8375 9108 9487 9624 9909
27  65 745 1225 1739 2200 2417 2820 3130 3253 3426 4106 4267 4369 4691 5095 5251 5640 5798 6373 6811 7136 7500 7732 7954 8118 9029 9575
28  66 120 957 1252 1716 2045 2256 2484 2847 2914 3188 3857 4438 4599 4881 5334 5592 5968 6422 6801 7275 7726 7983 8522 8726 8803 9173 9685
25  67 828 1164 1529 1756 1836 2183 2467 2692 2945 3336 3842 4401 4925 5351 6083 6411 6904 7044 7852 8275 8438 9030 9475 9798
32  69 479 511 590 830 1348 1705 2267 2513 2643 2725 3038 3220 3538 3779 4158 4286 4853 5386 5876 6036 6349 6906 7014 7374 7612 7964 8122 8499 8741 9166 9356
27  71 514 547 864 1349 1857 1919 2443 2915 3030 3762 4254 4769 5013 5259 5679 5931 6443 6638 7222 7561 8127 8504 8754 9158 9422 9884
27  75 737 1380 1734 1969 2011 2464 2630 2733 3054 3507 4210 4437 4727 5207 5699 5948 6176 6734 7285 7614 7822 7890 7986 8222 8863 9446
22  76 546 1097 1806 2201 3108 3144 3379 3906 4145 4692 4840 5107 5790 6120 6926 7272 7894 8526 9112 9704 9929
30  77 580 675 1114 1448 1944 2293 2473 3235 3543 4031 4453 4797 5123 5324 5718 6070 6352 6669 7169 7565 7791 7897 8020 8219 8386 8880 9204 9429 9953
26  78 670 1260 1689 1859 1983 2380 2462 2970 3578 4103 4274 4530 4814 5593 6296 6686 6986 7197 7641 7934 8439 8770 9087 9834 9979
33  80 162 986 1335 1647 1905 2236 2580 3004 3138 3432 3569 3862 3975 4051 4404 4716 4966 5284 5476 6045 6346 6972 7111 7163 7610 7751 8520 8722 8914 9038 9198 9558
27  81 222 1396 1478 1764 2030 2338 2833 3170 3615 3988 4337 4597 5049 5574 6004 6308 6549 7068 7483 7870 8061 8283 8640 8853 9315 9935
28  82 838 1076 1407 1643 1971 2358 2586 3014 3262 3942 4206 4693 4954 5177 5731 6272 6398 6827 7087 7160 7513 8101 8335 8497 8996 9365 9709
30  83 614 736 1090 1533 1825 2093 2383 2442 2666 2959 3287 3621 4218 4732 5159 5342 5558 5614 6165 6452 6880 7092 7212 7570 8408 8673 8924 9582 9756
31  84 1043 1321 1631 1979 2301 2651 3008 3363 3641 3785 4129 4619 4767 4873 5188 5568 6047 6446 6883 7128 7510 7805 8000 8209 8225 8389 8672 9021 9329 9761
24  85 495 978 1532 1718 2173 2944 3701 3889 4125 4883 5379 5603 5761 6065 6174 6628 7266 7956 8236 8742 9316 9418 9838
32  86 594 714 1168 1509 2107 2326 2625 3137 3447 3723 3790 4070 4442 4779 4949 5370 5746 6479 6839 6946 7135 7308 7376 7463 7859 8570 8723 8840 9025 9583 9942
33  87 604 1030 1178 1440 1574 1845 1902 2231 2542 2822 2994 3271 3311 3733 4222 4483 4629 4948 5352 5541 5936 6656 6889 7088 7477 7835 8093 8627 9010 9417 9742 9975
34  88 896 1314 1673 1928 1990 2271 2538 2841 3168 3298 3584 3829 4078 4406 4572 5032 5523 5730 5768 6108 6440 6746 6990 7636 7665 7748 7899 8216 8745 9186 9286 9592 9747
29  89 116 612 950 1276 1625 1909 2275 2536 3223 3755 4336 4602 4792 4939 5162 5463 5832 6095 6372 6498 6823 7539 7601 7903 8285 8569 9299 9832
32  90 668 938 1032 1548 2077 2336 2638 2864 3249 3344 3892 3956 4456 4547 4715 5082 5512 6136 6506 6740 6886 7239 7353 7710 8013 8479 8700 8884 9135 9538 9919
28  91 191 1197 1469 1805 1894 2644 3164 3789 4184 4694 5081 5343 5813 6400 6896 7134 7251 7508 7685 7837 8134 8643 8831 9036 9367 9616 9906
29  92 902 1289 1755 2135 2172 2381 2982 3290 3398 3760 4194 4449 4643 4959 5166 5884 6406 6720 7060 7399 7564 7811 8244 8486 8724 8961 9410 9988
31  94 142 995 1241 1585 2056 2181 2557 2913 3429 3683 4171 4521 4705 5047 5178 5459 5622 6139 6388 6448 6935 6997 7433 7848 8365 8512 8830 9215 9313 9845
32  95 197 806 962 1041 1303 1967 2180 2347 2530 2922 3125 3802 3886 4187 4365 4659 5055 5321 5607 6264 6484 7312 7481 7630 7884 8380 8854 8990 9350 9597 9922
28  98 555 636 929 1145 1456 1683 1922 2216 2418 2673 3275 3445 3608 4358 4661 5096 5584 5878 6116 6993 7707 7784 8272 8470 8760 9182 9625
30  99 723 1209 1298 1863 2390 2862 3208 3467 3893 4293 4402 4772 5092 5277 5751 6000 6609 7099 7345 7583 7709 7937 8396 8573 8874 9129 9585 9640 9964
29  100 124 798 1082 1179 1313 1637 1869 2260 2419 2943 3179 3478 4339 4768 5204 5613 5762 6042 6438 6612 6778 7253 7425 7723 8381 8674 9150 9519
26  101 799 1157 1520 1733 2101 2340 2779 3110 3501 3856 4529 4718 5090 5527 6189 6508 7057 7059 7291 8037 8315 8583 8918 9243 9809
25  102 681 1199 1688 2289 2830 3189 3346 3682 4038 4327 4738 5104 5295 5726 6317 6594 6762 7362 7836 7907 8401 8945 9355 9943
25  103 562 796 973 1477 2245 2844 3237 3777 4134 4288 4730 4930 5328 5711 5952 6294 6679 7302 7708 7967 8340 8989 9233 9856
29  104 767 916 1390 1467 1652 2078 2317 2539 2879 3431 3500 4251 4536 4831 4926 5281 5571 5858 6374 6825 7342 7613 7980 8372 8461 9159 9454 9828
28  105 653 813 1120 1351 1490 1714 2091 2645 3242 3670 4053 4303 4444 5077 5167 5637 6016 6289 6470 6958 7490 8133 8443 8683 9362 9626 9804
34  106 138 715 886 1035 1424 1645 2196 2249 2485 2564 2788 2924 3025 3247 3462 3696 4215 4740 5374 5464 5647 6026 6631 6818 7238 7632 7898 8297 8593 9070 9328 9629 9865
25  107 204 1013 1239 1650 2123 2507 3007 3457 3618 3816 4076 4604 4812 5479 5958 6419 6840 7339 7932 8566 8986 9342 9510 9931
30  108 595 863 1151 1374 1745 2053 2480 2717 2836 3314 3676 3766 4061 4494 5087 5656 6102 6600 6731 6892 7119 7628 7730 8263 8689 9012 9227 9528 9877
31  109 491 805 1446 1530 1872 2575 2921 2968 3274 3699 3933 4291 4793 4875 5193 5280 5615 5872 6085 6493 6780 7367 7771 7940 8062 8243 8670 8872 9501 9733
27  110 207 773 1062 1200 1484 1524 2198 2554 3076 3550 4175 4312 4577 4906 5333 5639 5939 6560 7205 7625 7938 8322 8817 8954 9271 9852
29  112 890 1318 1506 2145 2250 2702 2848 3085 3272 3606 3627 4123 4892 5243 5260 5487 5892 6222 6642 7078 7354 7846 8072 8635 8950 9194 9236 9673
27  113 851 1021 1732 2208 2764 2954 3028 3689 4095 4393 4685 4932 5135 5298 5576 5950 6311 6542 6915 7460 7842 7994 8424 8906 9268 9561
28  114 593 971 1063 1263 1772 2156 2637 2789 2957 3279 3646 3776 3813 4375 4936 5355 5630 5970 6092 6241 6898 7343 7615 8056 8577 8820 9408
29  117 528 948 1476 1943 2526 2999 3340 3656 3800 4214 4582 4861 5320 5553 5815 6265 6310 6655 6775 6920 7150 7659 8073 8354 8728 9063 9247 9436
27  118 667 1058 1450 1672 1882 2148 2574 3217 3575 3648 4101 4479 5046 5502 5850 6369 6800 6974 7235 7671 8360 8575 8809 9331 9472 9721
31  121 517 913 1337 1408 1570 1781 2126 2572 2678 3238 3955 4162 4467 4676 5014 5644 5918 6228 6751 7281 7421 7596 8292 8500 8836 9114 9302 9540 9603 9857
28  122 756 935 1169 1640 2092 2352 2927 3595 3979 4119 4655 5111 5265 5632 6137 6580 7051 7572 7931 8316 8619 8743 9102 9210 9291 9464 9957
30  123 584 717 1240 1333 1603 2362 2679 2861 2932 3147 3425 3851 4579 5134 5325 5405 6023 6359 7288 7575 7906 8137 8406 8490 8781 8861 9228 9555 9732
26  125 129 224 1126 1474 1586 2188 2741 3423 4055 4278 4893 5478 5678 5964 6245 6836 7055 7495 7736 8237 8615 8688 8835 9128 9628
33  126 452 802 833 1256 1455 1953 2297 2376 2511 2531 2743 2941 3589 4289 4587 5311 5346 5506 5735 6069 6332 6504 6817 7034 7584 8022 8421 8519 8815 9104 9301 9916
33  127 672 1139 1412 1633 1874 2244 2570 2755 3148 3438 3623 3822 3962 4613 4784 4927 5198 5756 6131 6354 6687 6901 7240 7629 7759 8304 8665 8869 8889 9141 9470 9837
33  128 261 980 1175 1305 1785 2069 2143 2529 2876 3418 3954 4189 4586 4813 5065 5419 5686 5863 6119 6616 6843 7127 7486 7830 8031 8276 8757 8979 9230 9421 9800 9971
28  130 153 965 1316 1657 2017 2185 2487 2981 3214 3738 3980 4213 5113 5787 5840 6262 6592 6684 6717 7365 7645 7958 8271 8847 9318 9653 9766
30  131 678 848 1167 1730 2059 2227 2546 2777 3367 3828 4069 4338 5044 5624 5823 6075 6361 6573 6680 7236 7546 7780 7878 8085 8706 8907 9016 9404 9719
29  132 256 1019 1684 1828 2605 3073 3174 3587 4030 4325 4459 4827 5137 5747 6252 6393 6497 6692 7117 7276 7807 8066 8398 8930 9188 9267 9507 9894
32  133 135 626 985 1320 1661 1852 2241 2603 3224 3301 3481 3579 3925 4335 4430 4845 5144 5433 5851 6459 6512 6931 7545 7922 8180 8342 8652 8956 9307 9641 9918
25  134 524 919 1284 1591 1675 2110 2770 3393 3622 4378 4711 5340 5904 6409 6565 6891 7028 7408 7553 8121 8711 9066 9490 9910
28  136 476 692 1153 1694 2109 2451 2585 3040 3448 3770 4322 4561 4851 5056 5546 5847 6532 7040 7458 7896 8193 8361 8537 8888 9217 9564 9726
23  137 259 1180 1535 1698 2431 3134 3657 4050 4509 4709 5007 5752 6072 6667 7036 7476 8012 8767 8946 9305 9711 9873
31  139 647 856 989 1148 1445 1749 1893 2304 2665 2804 3133 3490 3860 4043 4403 4609 4912 5102 6179 6756 6860 7149 7526 7618 7973 8286 8397 8901 9547 9928
28  140 143 515 1266 1387 1729 1982 2150 2493 2745 3044 3433 3792 4212 4829 5220 5434 5676 5975 6582 7012 7465 7900 8198 8610 9100 9502 9958
30  141 188 974 1334 1627 2049 2175 2573 2835 3326 3409 3580 3727 4133 4408 4909 5131 5604 5994 6671 6873 7257 7454 7974 8348 8702 9020 9172 9369 9933
26  144 150 874 1201 1839 2364 2765 3114 3313 3814 4026 4423 4955 5531 5888 6114 6483 6921 7073 7643 8059 8542 8919 9213 9432 9980
30  145 638 762 976 1207 1449 1621 1837 2495 3000 3304 3867 4590 5115 5501 5852 6203 6597 7079 7368 7449 7905 8092 8196 8603 8824 9282 9380 9646 9805
33  146 147 616 1283 1639 1833 2195 2439 2537 2852 3306 3620 4232 4559 4871 4976 5176 5477 5915 5959 6041 6447 6809 7267 7455 7715 8290 8510 8955 9245 9503 9769 9945
28  148 284 1115 1612 1917 2182 2350 2549 2796 3186 3525 3707 3913 4419 5060 5347 5651 6025 6433 6709 7144 7638 7943 8800 8852 9273 9617 9926
32  149 502 862 1138 1595 2000 2098 2295 2885 3276 3981 4384 4637 5237 5485 6044 6246 6445 6561 6784 6907 7418 7803 8149 8409 8626 8660 8784 9208 9304 9687 9961
31  151 545 803 994 1217 1573 2161 2330 2523 2882 3373 3742 3990 4684 4855 5363 6112 6223 6562 6678 7082 7393 7424 7576 7882 8190 8579 8709 9061 9295 9523
28  152 534 983 1382 2037 2312 2685 2975 3112 3825 4108 4543 4622 4759 5256 5560 5947 6190 6535 6994 7582 7725 8017 8416 8720 9006 9577 9941
26  154 588 746 1427 1868 2457 2795 2892 3351 3896 4240 4466 5117 5385 5890 6284 6496 6726 7166 7942 8112 8414 9080 9253 9618 9810
29  155 485 691 999 1439 1619 2003 2179 2429 3017 3489 3994 4596 4781 5317 5548 6164 6589 7002 7314 7448 7792 8429 8533 8969 9202 9330 9847 9963
31  156 1074 1470 1816 2240 2556 2920 3099 3288 3524 3832 3997 4269 4841 5112 5269 5654 5835 6110 6525 6729 7107 7549 7604 7936 8617 8891 9069 9133 9657 9977
27  157 160 795 1301 1499 1822 2153 2359 2780 3376 3562 3941 4535 5146 5704 5909 6301 6707 6876 7294 7893 8051 8412 8750 9121 9339 9855
31  158 1015 1290 1564 1711 2257 2334 2387 3084 3199 3493 3780 4112 4295 4441 4783 5124 5540 5882 6714 6766 7180 7310 7462 7820 7877 8313 8596 9176 9463 9544
25  159 903 1364 1765 2031 2502 2805 3152 3672 4088 4341 4551 4929 5633 5944 6078 6598 6954 7411 7747 8211 8657 9138 9521 9789
27  161 221 889 1372 1617 1896 2501 3082 3726 4159 4280 4400 5008 5027 5411 5995 6507 6981 7364 7815 8105 8420 8883 9145 9426 9508 9880
25  163 835 1195 1680 2144 2205 2705 3277 3533 3765 3845 3914 4794 5504 5806 6109 6395 6755 7031 7322 7801 8235 8567 9218 9708
30  164 648 1095 1269 1667 2278 2671 2801 3109 3519 3639 3963 4236 4439 4584 4956 5344 5544 5662 6050 6277 6432 6894 7416 7717 8355 8851 9372 9722 9833
26  165 754 1224 1386 1668 1887 2128 2648 2953 3444 4011 4258 4633 5076 5510 5795 5942 6427 6848 7226 7619 7839 8142 8631 9388 9574
29  166 764 1248 1423 2054 2325 2767 3267 3625 3977 4083 4448 4507 4799 5329 5692 5713 5870 6333 6812 7072 7406 7580 7935 8141 8738 8910 9526 9822
26  167 492 883 1383 1841 2355 2509 2726 3029 3664 4110 4300 5031 5244 5493 5803 6225 6441 6715 6909 7330 7911 8521 8899 9554 9738
23  168 984 1563 1823 1987 2919 3228 3497 4028 4155 4635 4965 5657 6234 6454 6514 7115 7761 8300 8599 8983 9449 9904
29  169 688 925 1253 1690 2168 2503 2690 3011 3375 3887 4262 4533 5128 5335 5539 5802 6326 6864 7261 7394 7847 8175 8539 8793 9042 9352 9563 9940
33  170 695 905 1109 1270 1505 1811 1918 2329 2466 2544 2986 3341 3725 4310 4568 5088 5206 5545 6005 6133 6430 6772 6999 7478 7680 7969 8169 8457 8827 8980 9370 9859
24  171 494 646 1118 1432 1671 1707 2253 2701 3227 3877 4209 4621 5022 5513 5917 6063 6576 7121 7676 8206 8977 9323 9897
28  172 173 837 1011 1338 1835 2361 2596 2772 2974 3300 3679 3935 4350 4896 5348 5763 5971 6218 6339 6601 6803 7284 8025 8498 8777 9250 9514
28  174 573 784 1121 1523 1840 2403 2972 3404 3743 4178 4414 4916 5094 5378 5856 6145 6368 6750 7188 7440 7802 8021 8257 8405 8629 9290 9846
28  175 234 1089 1514 2154 2238 2598 3098 3355 3936 4348 4618 4788 4937 5447 5665 5962 6149 6505 7061 7511 8102 8308 8679 8965 9373 9590 9887
22  176 676 1130 1462 1934 2754 3095 3894 4625 4898 5227 5668 6086 6418 7074 7174 7672 8204 8516 9126 9924 9986
27  177 655 927 1444 1842 2324 2479 2718 3032 3283 3487 3946 4301 4884 5163 5403 5507 5814 6088 6614 6897 7156 7591 7744 8215 8605 9312
32  178 792 1025 1378 1482 1782 1880 2122 2774 2890 2991 3377 3598 3852 4311 4486 4848 5119 5390 5724 5898 6273 6469 6759 7259 7588 8014 8638 9095 9300 9751 9908
29  179 193 702 1096 1609 2112 2614 2695 2744 2819 3441 3859 4255 4664 5061 5455 5720 6008 6274 6486 6660 7062 7518 7988 8862 9003 9382 9516 9811
28  180 747 1068 1496 2013 2228 2682 2708 3202 3806 4019 4372 4389 4640 4907 5239 5327 5601 6009 6302 6877 7444 7939 8351 8671 8762 9296 9998
29  181 841 1345 1847 2079 2234 2776 3012 3460 4139 4567 4985 5364 5955 6183 6370 6604 7033 7468 7728 7838 8071 8400 8978 9206 9406 9579 9683 9923
26  182 882 1051 1475 1912 2281 2632 3141 3530 3978 4196 4360 4736 5417 5687 5742 6306 6704 6961 7482 8002 8119 8659 9076 9588 9959
32  183 184 641 843 1016 1503 2060 2090 2332 2735 3252 3741 4260 4420 4648 4945 5326 5575 5873 6101 6315 6499 6753 7076 7252 7819 8068 8426 8494 9062 9460 9759
27  185 519 776 1055 1398 1829 1892 2341 2747 3107 3668 4015 4457 4658 5012 5460 6033 6283 6665 6787 7300 7599 7925 8440 8908 9239 9632
29  186 575 1245 1309 1817 2085 2212 2773 3350 3629 4143 4753 4903 5274 5710 6166 6263 6457 6732 7254 7733 7868 8104 8318 8780 9011 9229 9531 9745
27  187 291 1116 2033 2248 2497 3046 3554 3992 4190 4478 4816 5029 5288 5769 6453 7022 7268 7637 7821 8132 8477 8994 9453 9518 9824 9973
28  189 300 1086 1818 2357 2853 3092 3382 3817 4132 4447 5020 5230 5375 5693 6186 6672 6859 7201 7581 7854 8306 8650 8926 9249 9525 9696 9982
31  190 770 1350 1541 1693 2190 2410 2653 2858 3142 3649 3824 4032 4208 4302 4758 4971 5456 5785 6039 6167 6449 6849 7039 7194 7679 8270 8518 8974 9448 9777
29  192 610 1255 1501 1844 2276 2620 3078 3257 3434 3628 4252 4690 4942 5377 5620 5783 6082 6350 7027 7305 7875 8047 8391 8870 9015 9541 9752 9949
28  194 623 818 1271 1710 2265 2615 3005 3318 3514 4059 4595 5067 5494 5736 6253 6674 6832 6959 7332 7639 7783 8284 8509 8625 9103 9377 9892
30  195 504 577 812 1211 1393 1754 2233 2600 2906 3146 3498 3821 4650 4988 5197 5738 6130 6382 6819 7349 7646 7756 7862 8224 8403 8708 9152 9609 9861
27  196 703 963 1176 1340 1379 1789 2217 2454 2606 2962 3567 4100 4592 5100 5509 6098 6356 6754 7112 7535 7886 8278 8543 8812 9195 9969
30  198 620 1017 1161 1261 1920 2221 2481 2881 2992 3502 3872 4002 4418 4600 4888 5368 5669 5983 6455 6650 7178 7503 7621 8039 8157 8725 9142 9376 9813
34  199 309 914 996 1119 1426 1722 2127 2730 2781 3356 3662 4161 4620 4951 5108 5450 6077 6481 7045 7479 7606 7763 7857 7957 8076 8485 8641 9130 9314 9477 9509 9764 9893
27  200 277 854 1339 2047 2676 3365 3949 4008 4383 4517 4941 5217 5467 5728 6051 6194 6682 7032 7247 7762 8106 8645 9039 9457 9835 9990
24  201 252 921 1409 1925 2115 2406 2800 3187 3477 4007 4388 4953 5538 5922 6407 6983 7566 7919 8091 8453 9071 9512 9911
32  202 209 669 1367 1604 2089 2171 2506 3087 3165 3233 3461 3687 3866 4328 4656 5026 5350 5857 6153 6261 6518 6855 7069 7507 7883 8129 8301 8562 8865 9578 9842
28  203 288 1135 1590 2019 2138 2414 2715 3284 3417 3717 4259 4516 4636 5356 5688 5957 6034 6649 7077 7185 7434 7853 8467 8895 9178 9481 9783
32  205 707 1031 1098 1802 1932 2165 2626 2871 3036 3251 3610 3897 3948 4216 4397 4882 5118 5323 5788 5969 6237 6490 6871 7129 7351 7586 8090 8444 8966 9375 9671
32  206 210 518 1246 1665 1977 2158 2449 2827 3039 3388 3643 3884 4434 4723 5242 5827 6028 6121 6396 6552 6973 7372 7793 8207 8505 8804 8936 9092 9476 9642 9962
29  208 728 891 982 1933 2012 2444 2723 2870 3713 4220 4491 4743 5208 5472 5772 5981 6348 6431 6706 7035 7370 7753 7777 7865 8718 8988 9484 9879
33  211 700 749 858 1122 1400 1970 2590 2731 3069 3585 3718 3961 4229 4522 4843 5300 5542 5930 6298 6555 6802 6965 7049 7504 7655 7961 8253 8464 8734 9242 9447 9679
28  212 294 901 1231 1537 1864 2322 2663 2894 3574 3596 3922 4405 4698 4860 5306 5818 6337 6607 7167 7808 7970 8241 8620 8995 9548 9713 9820
25  213 627 878 1235 1862 2582 2846 3033 3455 3730 4041 4614 5183 5518 5690 6067 6644 7065 7453 7813 8226 8624 9240 9623 9720
31  214 797 1233 1377 1738 2097 2532 2854 3106 3310 3516 3781 3910 4167 4450 4682 5037 5212 5573 6055 6643 7211 7337 7657 7855 7965 8291 8960 9096 9545 9830
31  216 690 1149 1641 2157 2333 2558 2707 3160 3410 3786 4163 4332 4819 5225 5596 5779 5923 6240 6392 6572 6922 7195 7686 7982 8268 8385 8535 9054 9573 9688
32  217 582 710 1069 1486 1538 1819 2565 2719 2900 3395 3655 4314 4665 4902 5262 5754 6128 6268 6621 7147 7550 7993 8229 8597 8920 9077 9184 9424 9613 9669 9780
30  218 510 900 1368 1622 2105 2202 2768 2916 3255 3681 3932 4324 4537 4672 4899 5218 5435 5672 6038 6387 6995 7295 7663 7889 8378 8885 9197 9730 9872
26  219 731 1395 1466 1803 2163 2527 2868 3332 3706 4146 4555 4914 5086 5514 5834 6094 6305 6903 7335 7623 8011 8165 8662 8844 9527
34  220 472 548 724 970 1190 1453 1682 1964 2279 2834 3042 3299 3861 3903 4073 4321 4468 4969 5516 5641 5766 6193 6632 6967 7105 7402 7627 8310 8637 8752 9146 9390 9546
30  223 742 1150 1704 2137 2641 2923 3546 3692 4153 4316 4454 4667 5196 5775 6258 6820 6943 7143 7298 7587 7955 8028 8447 8685 8939 9151 9458 9692 9882
30  225 759 1278 1679 2134 2308 2476 2722 3123 3370 3716 4080 4294 4757 4935 5127 5547 6024 6285 6527 6821 7324 7832 8323 8524 8753 8993 9179 9416 9791
32  226 508 600 960 1480 1776 2269 2500 2838 3150 3399 3957 4390 4699 4836 5358 5517 5913 6342 6478 6874 7171 7387 7693 7790 8075 8450 8636 9046 9224 9277 9572
30  227 567 758 1087 1492 1804 1832 2169 2521 2837 3061 3480 3714 4186 4708 5054 5528 5719 6058 6340 6541 6713 7258 7712 8043 8357 8867 9094 9517 9779
26  228 383 1088 1415 2071 2316 2602 3241 3879 4361 4994 5585 5727 6275 6412 6591 6793 7184 7451 7622 8191 8525 8727 9097 9550 9976
26  229 505 632 908 1465 1949 2356 2489 2809 3229 3430 3632 3835 4072 4279 4632 5030 5928 6436 6978 7426 7860 8302 8572 9398 9851
29  230 522 1054 1517 1916 2273 3015 3264 3645 4056 4306 4539 4980 5109 5581 5619 5977 6076 6281 6639 6785 7445 7817 8181 8717 8774 8953 9586 9981
31  231 506 650 850 932 1479 1624 1727 2288 2950 3494 3952 4064 4786 5157 5484 5674 5908 5979 6257 6451 6913 7548 8023 8159 8362 8842 9164 9378 9494 9712
26  232 283 718 1182 1614 2177 2548 2618 3117 3385 3697 3939 4527 4756 5138 5453 5933 6303 6845 7041 7313 7778 8458 9075 9190 9652
26  233 308 906 1384 1848 2510 3079 3212 3541 3929 4283 4681 4972 5228 5384 5854 6062 6511 7282 7386 7876 8553 8894 9498 9647 9793
26  235 245 643 1184 1300 1664 2392 2709 3115 3556 3968 4320 4943 5190 5618 5940 6319 6749 7331 7470 7794 8042 8550 9013 9823 9870
29  236 536 926 1249 1796 1947 2207 2740 2895 3239 3905 4097 4224 4766 5216 5416 5755 6180 6629 7037 7139 7650 7913 8468 8739 8859 9222 9589 9831
29  237 343 946 1154 1516 1906 2446 2736 3218 3565 3759 3855 4057 4219 4546 5018 5304 5893 6103 6385 6998 7378 7523 7901 8200 8768 8833 9238 9559
26  238 525 755 897 1244 1463 1616 1945 2469 2782 3261 3882 3996 4464 4857 5388 6196 6622 6953 7248 7818 8152 8430 8905 9434 9714
27  239 683 866 1287 1938 2499 3051 3403 3881 4003 4177 4514 4741 4864 5235 5841 6364 6905 7108 7492 7826 8557 8790 9201 9354 9827 9946
30  240 253 743 1053 1238 1959 2393 3113 3414 3651 3703 3841 3985 4473 4804 5089 5276 5733 6224 6779 7013 7323 7505 7658 8035 8208 8602 9248 9774 9954
31  241 680 801 1192 1635 1992 2371 2650 2969 3333 3549 3735 4065 4347 4776 4970 5400 5536 5867 6022 6460 6728 7093 7542 7662 8247 8616 8819 9279 9663 9723
29  242 554 635 1012 1106 1607 2050 2398 2947 3201 3535 3947 4173 4525 4989 5565 5836 5993 6547 6945 7042 7348 7716 7933 8482 8705 9174 9619 9762
25  243 730 852 1495 1997 2344 2798 3450 3736 4276 4747 5173 5605 5838 6345 7114 7519 7560 7776 8384 8630 8944 9257 9513 9620
32  244 255 751 877 1292 1886 2006 2226 2411 2766 3057 3280 3466 3631 3888 4138 4731 4867 5401 5895 6162 6521 6982 7125 7249 7383 7772 8311 8668 8940 9226 9706
30  246 592 822 1461 1752 1873 2209 2662 2960 3140 3521 3775 3937 4198 4443 4796 5079 5371 6029 6645 6711 7148 7369 7812 8162 8564 8984 9067 9479 9799
30  247 274 997 1376 1648 1915 2681 2787 3190 3246 3804 4052 4433 4806 5084 5436 5595 5786 6169 6567 6716 7058 7491 8195 8527 8690 8923 9262 9385 9829
28  248 831 1433 1527 1791 2016 2287 2840 3090 3605 3849 4247 4415 4750 4900 5223 5292 6173 6577 6830 7001 7161 7420 7968 8114 8545 9122 9610
29  249 658 1026 1202 1346 1596 1870 2252 2472 2887 3132 3485 3958 4234 4319 4889 5126 5397 5422 5722 6134 6773 6968 7626 8147 8692 9033 9443 9727
29  250 295 778 1052 1369 1951 2368 2917 3437 3991 4148 4344 4642 5172 5519 5697 5749 6214 6461 6798 7250 7533 8074 8549 9068 9241 9461 9570 9885
27  251 1009 1405 1723 1946 2349 2686 2918 3070 3309 3557 4014 4201 4580 4880 5297 5442 6030 6408 6579 6879 7541 8040 8392 8805 9260 9655
29  254 258 526 579 809 944 1282 1769 2314 2478 2818 3396 3528 3923 4086 4714 5116 5521 6012 6557 6939 7260 7879 8205 8407 8864 9060 9455 9903
27  257 315 1173 1500 1767 2022 2272 2649 3166 3709 4282 4782 5064 5357 5682 5894 6276 6595 7050 7213 7413 7729 8111 8321 8931 9772 9993
24  260 608 1285 1488 2094 2624 2815 3302 3387 3864 4315 4774 5252 5429 5602 5875 6313 7054 7395 8089 8377 8669 9065 9567
25  262 392 870 1299 1557 2111 2734 3128 3406 3931 4231 4824 4978 5685 6027 6195 6677 6929 7358 7688 8004 8699 8943 9332 9994
27  263 279 603 923 1397 1719 2106 2408 2601 2712 3205 3408 3799 4751 5336 5695 5914 6178 6681 7173 7359 7781 8027 8166 8904 9414 9693
29  264 323 735 1228 1748 2192 2658 2763 2997 3352 3688 3796 3847 4374 4490 4704 5182 5331 5946 6249 6742 6955 7422 7987 8186 8821 8881 9082 9520
28  265 275 609 981 1204 1632 1913 2063 2232 2578 2935 3216 3671 4025 4284 4918 5283 5717 6073 6475 6789 7223 7484 8007 8213 8751 9349 9691
30  266 348 1027 1549 1850 2274 2621 3001 3420 3491 3721 3838 4096 4226 4617 5033 5143 5310 5771 6328 6899 7216 7605 7833 7979 8217 8353 9018 9439 9754
30  267 487 559 873 1039 1571 1678 2100 2878 3357 3693 3916 4063 4398 4722 5042 5291 5437 5666 5951 6516 6950 7431 8107 8288 8541 8816 9072 9496 9803
27  268 939 1104 1417 1939 2215 2470 2655 2756 2863 3295 3873 4140 4518 4908 5313 5408 5753 6329 6824 7306 7856 8155 8697 8951 9560 9907
27  269 615 791 1038 1330 1792 2319 2867 3439 3573 4120 4270 4500 4931 5361 5466 5703 6046 6564 7089 7262 7694 7873 7902 8415 9090 9728
33  270 535 587 684 1162 1540 1724 1996 2220 2435 2583 3055 3278 3667 4006 4298 4429 4999 5303 5677 5706 5821 6554 6900 7375 7430 7757 8135 8232 8382 8893 9495 9681
27  271 533 722 879 1101 1413 1908 2331 2635 2983 3602 3944 4534 4833 5187 5652 6019 6366 6748 7019 7734 8201 8344 8623 9064 9565 9968
27  272 285 697 1310 1359 1879 2345 2640 3053 3757 4000 4271 4549 5058 5289 5744 6001 6546 7133 7714 7998 8202 8759 9183 9419 9485 9848
27  273 521 729 816 1219 1418 1659 1973 2426 2995 3634 3801 4204 4345 5170 5708 5927 6502 7007 7046 7485 7981 8199 8419 8962 9535 9978
29  276 480 744 1001 1422 1696 2002 2292 2528 3100 3700 4013 4462 4874 5287 5628 6290 6747 7110 7634 7664 8003 8221 8394 8613 8982 9258 9607 9715
27  278 872 1070 1216 1521 1820 2014 2436 2612 3291 3807 4593 4910 5063 5505 5866 6061 6584 6752 6866 7303 7656 8033 8560 8887 9154 9581
30  280 303 1218 1709 2155 2394 2540 2802 3086 3863 4029 4180 4728 4992 5083 5430 5715 6191 6737 6925 7003 7307 7740 7916 8298 8634 8845 9101 9402 9743
27  281 881 1024 1489 1808 2218 2407 3226 3456 3737 4317 4482 4771 5224 5382 5561 5932 6020 6144 6510 6804 7329 7382 7721 8359 8929 9346
31  282 312 654 1059 1196 1539 2337 2562 2706 3163 3412 3640 3819 4185 4835 5043 5330 5567 5926 6338 6796 7052 7377 7447 8026 8455 9052 9231 9497 9724 9915
30  286 376 1084 1599 2040 2277 2607 3071 3328 3468 3658 4329 4701 4878 5226 5520 5916 6122 6394 6556 6882 7271 7798 8282 8436 8587 9005 9212 9680 9871
36  287 523 659 763 1152 1259 1629 1741 2041 2477 2842 3282 3469 3746 3902 4107 4246 4445 4639 4842 4895 5035 5552 5934 6079 6206 6533 6969 7414 8038 8339 8445 9037 9252 9428 9552
32  289 550 651 887 1000 1277 1702 1988 2373 2664 3153 3421 3597 3811 4105 4421 4885 4933 5165 5232 5650 5824 6155 6211 6850 7318 7797 8046 8686 8957 9219 9850
32  290 443 947 1198 1494 1929 2430 2851 2967 3663 3911 4382 4451 4670 4844 5161 5432 5900 5967 6216 6575 6991 7116 7176 7427 7804 8029 8367 8704 9394 9682 9955
29  292 568 961 1079 1638 2189 2591 2964 3289 3511 3803 3999 4342 4703 4913 5149 5864 6202 6646 7005 7200 7333 7603 7904 8124 8661 8843 9274 9660
32  293 607 821 1325 1901 2034 2229 2424 2714 3243 3321 3512 3654 4017 4377 4461 4623 4973 5412 5903 6219 6668 6952 7283 7577 7697 8115 8675 8981 9131 9529 9853
24  296 857 1717 1866 2024 2219 2669 3066 3537 3772 4094 4673 5133 5534 5902 6347 6627 7097 7316 7743 8177 8666 9043 9400
27  297 407 1045 1123 1172 1416 1642 2370 2965 3339 3815 4297 4560 4566 5270 5773 6251 6376 6947 7186 7652 7951 8048 8678 9285 9731 9905
28  298 306 598 1187 1773 2222 2753 2855 3037 3096 3544 3702 4075 4296 4553 4946 5125 5290 6106 6423 6688 7067 7719 8019 8194 8586 9261 9767
31  299 622 765 1010 1293 1701 2474 3200 3415 3982 4147 4340 4688 4745 4847 5387 5465 5559 6158 6691 7165 7589 7769 8045 8183 8326 8682 8730 9235 9440 9863
27  301 696 1094 1457 1813 2125 2302 2697 3354 3616 3773 4099 4624 5009 5205 5580 5912 6248 6962 7598 7616 7824 8252 8968 9113 9451 9644
25  302 998 1357 1692 2263 2978 3225 3374 3652 3722 3924 4544 5003 5195 5809 6032 6695 7227 7687 8080 8462 8684 8834 9413 9792
30  304 549 699 1103 1602 1976 2174 2522 2724 3161 3236 3499 3993 4523 4754 5271 5667 5879 6175 6590 6956 7113 7388 7691 8138 8493 8941 8985 9608 9868
24  305 336 992 1358 2043 2395 2897 3127 3337 3920 4564 5006 5600 6035 6413 6664 6816 7021 7404 7609 8163 8655 9137 9710
29  307 434 912 1437 1761 2342 2732 3203 3459 3826 4087 4363 4589 5174 5253 5868 6230 6641 6936 7315 7782 8057 8366 8703 8882 9317 9524 9734 9807
32  310 558 704 1193 1911 2081 2400 2561 3167 3764 4079 4770 4986 5391 5683 6160 6378 6487 6767 6885 6923 7286 7516 8095 8245 8483 8606 8922 9035 9167 9643 9839
27  311 318 846 1188 1392 1890 2284 2592 3231 3898 4084 4571 4787 5279 5629 5874 6204 6919 7152 7412 7670 8184 8489 8938 9022 9340 9746
28  313 928 1485 1753 2119 2604 2875 3331 3428 3836 4370 4809 5194 5648 5988 6125 6666 6928 7380 7611 7892 8259 8383 8651 8715 9297 9677 9902
26  314 673 1127 1513 1762 2048 2553 2951 3072 3453 3830 4351 4735 5200 5591 5689 5937 6397 6942 7407 7525 7978 8328 8785 9055 9185
27  316 469 640 787 1047 1740 1900 2065 2616 2937 3436 4118 4531 4923 5075 5468 5646 5745 5828 6292 6467 6602 7137 7746 8399 8794 9387
27  317 560 768 1156 1542 1736 1891 2425 2680 3116 3488 3839 4366 4924 5247 5691 6081 6841 7396 7690 7880 8203 8411 8582 9051 9749 9913
29  319 789 849 1040 1536 1731 2044 2427 2541 2689 3060 3157 3748 4182 4502 4852 5130 5642 5705 6040 6429 6828 7193 7551 8081 8317 8507 8868 9864
35  320 551 899 1296 1558 1768 2313 2806 2933 3003 3454 3588 3753 4446 4680 4702 4865 4997 5349 5643 5855 6293 6568 6700 7106 7220 7520 8267 8653 8876 9007 9168 9598 9651 9867
28  321 711 1125 1324 1519 1930 2075 2363 2826 3034 3103 3747 4237 4649 5120 5725 6107 6611 6884 7225 7446 7825 8223 8448 8992 9162 9284 9638
27  322 507 634 942 1562 2211 2786 3424 3673 4142 4308 4578 5132 5623 5885 6115 6608 7098 7417 7559 7773 8331 8612 8892 9499 9705 9974
28  324 783 1057 1779 2187 2372 2691 2872 3180 3413 3791 4249 4585 4904 5231 5406 5721 5965 6291 6574 6932 7392 7991 8373 8540 8776 9324 9612
28  325 449 993 1481 1877 1989 2494 2963 3405 3650 4001 4426 4742 4919 5282 5680 5804 6017 6635 6980 7243 7592 8324 8646 8849 8964 9401 9808
29  326 328 644 895 1181 1332 1472 1569 1725 2009 2194 2296 2693 2998 3577 4144 4803 5431 5609 6414 6676 6989 7289 7600 7914 8294 8663 8902 9478
27  327 777 958 1229 1681 2086 2268 2492 3035 3636 3901 4387 4707 4862 5263 5625 6213 7196 7540 7774 8156 8511 8701 9002 9170 9334 9729
24  329 819 1163 1810 2104 2683 3013 3435 3843 4221 4463 4915 5572 6172 6324 6524 6810 6878 7536 8171 8289 8764 9140 9438
31  330 712 1067 1566 2039 2369 2696 3323 3570 3818 3940 4192 4436 4719 4791 5078 5462 5645 5941 6068 6236 6425 6813 7172 7301 7735 8189 8418 9027 9452 9736
28  331 689 945 1497 2025 2223 2415 2750 2893 3281 3624 3840 4657 5122 5525 5998 6056 6703 6790 7177 7264 7887 8109 8581 8604 9107 9858 9939
27  332 649 855 860 1401 1504 2348 2699 2931 3041 3285 3591 3850 4501 5114 5608 6049 6503 6757 7009 7154 7438 7667 8309 8496 8937 9403
30  333 739 1093 1438 1787 2266 2720 3266 3378 3536 3834 4399 4660 4773 4886 5389 5792 5985 6485 6856 7075 7232 7423 7594 8069 8333 8571 9343 9557 9797
32  334 552 625 836 1385 1826 1995 2131 2555 2629 3002 3647 3909 4205 4481 4610 5045 5246 5579 5910 6053 6322 6540 6623 7155 7373 7530 8005 8338 8826 9298 9701
29  335 520 734 1007 1170 1801 2224 2654 3196 3474 4113 4376 4811 5191 5418 5480 5907 5920 6212 6710 7026 7562 8100 8364 8647 9109 9293 9675 9985
26  337 880 1302 1598 1843 2073 2305 2563 3259 3571 3971 4569 5156 5499 5626 6087 6287 6619 6917 7441 7528 7997 8481 8911 9536 9888
26  338 414 1158 1421 1578 2042 2459 2784 3006 3510 3594 3943 4203 4668 5071 5577 5796 6138 6634 6799 7011 7269 7689 8178 8756 9411
33  339 380 915 1036 1420 1620 1814 2339 3075 3194 3518 4039 4233 4545 4764 5057 5148 5404 5811 6127 6613 6786 7064 7569 7765 8049 8131 8249 8434 8771 9115 9678 9836
25  340 543 750 1072 1581 1994 2571 2946 3366 4037 4574 5050 5533 5765 6177 6520 6763 7004 7355 8032 8274 8921 9292 9389 9840
24  341 345 687 738 972 1134 1751 2133 2628 3139 3983 4137 4606 5010 5414 5500 6254 6781 7290 7944 8185 8592 9023 9191
27  342 677 968 1441 1960 2422 2703 2961 3458 3531 4228 4712 4795 5278 5549 5789 6217 6278 6553 7038 7487 8084 8254 8763 9278 9801 9983
28  344 665 1075 1491 1676 1975 2551 2668 3349 3529 3638 4195 4480 4958 5101 5732 6148 6381 6712 7153 7277 7750 8052 8658 8807 9163 9364 9844
28  346 621 1085 1626 1999 2210 2646 3135 3479 4012 4424 5015 5219 5392 5635 5819 6154 6495 6908 7442 7754 7858 8158 8231 8766 9081 9482 9794
29  347 589 936 1230 1366 1691 1897 2397 2831 2904 3068 3097 3685 4164 4678 4858 5209 5777 6064 6462 6940 7473 7874 7999 8296 8622 8736 9032 9322
30  349 482 660 937 1136 1326 1589 1860 2515 2737 3124 3394 3635 4172 4313 4652 5399 5961 6146 6232 6531 6888 7400 7647 8006 8116 8404 8825 9272 9795
33  350 624 871 907 1242 1526 1827 2199 2534 2758 3126 3698 4238 4379 4695 4849 5439 5935 5990 6118 6280 6360 6743 7103 7319 7966 8265 8554 9047 9269 9319 9826 9843
27  351 853 1185 1775 2307 2490 3020 3391 3953 4156 4487 4832 5068 5302 5780 6135 6377 6708 7071 7280 7703 8187 8452 8712 9120 9336 9595
30  352 566 786 894 1247 1460 1846 2178 2613 3045 3422 3827 4102 4235 4261 4983 5179 5372 6207 6661 7198 7517 7787 8188 8390 8506 9079 9327 9648 9898
25  353 1083 1552 2026 2518 2955 3294 3386 3926 4292 4542 4963 5189 5498 6048 6585 6944 7270 7390 7607 7888 8358 8823 9165 9551
26  354 671 1005 1206 1430 1950 2514 3209 3368 3592 4179 4721 4887 5164 5621 5960 6226 6617 6851 7145 7674 8113 8250 8413 8860 9325
31  355 563 585 875 1160 1451 1510 2020 2505 2824 3178 3443 3734 3921 4391 4785 5053 5570 5701 5817 6205 6815 7124 7669 7779 8287 8696 9091 9287 9522 9875
26  356 808 1288 1561 1958 2378 2488 2940 3136 3517 3710 4470 4615 5070 5428 5859 6093 6500 6683 7309 7682 8034 8431 8600 9214 9778
31  357 358 955 1634 1794 1981 2282 2587 2884 3059 3568 3871 4207 4489 4725 4940 5160 5495 5880 6209 6831 7326 7996 8176 8466 8698 9088 9437 9553 9637 9930
29  359 708 1002 1329 1547 2062 2421 2552 3173 3731 3756 3927 4245 4575 4879 5181 5829 6184 6323 6702 7132 7456 7929 8060 8744 9017 9379 9784 9937
26  360 888 1243 1522 2130 2434 2447 2902 3129 3666 3750 3989 4364 4777 5186 5658 6238 6721 6912 7118 7428 7731 7989 8611 9255 9737
28  361 904 1254 1583 1986 2599 2874 3159 3653 3875 4318 4646 4870 5175 5627 5757 6054 6355 6808 7207 7506 7800 7926 8710 9073 9288 9666 9860
30  362 363 488 964 1588 1747 2159 2609 2839 3023 3162 3669 3966 4510 5074 5443 5748 5826 6126 6208 6544 6770 6996 7210 7624 8230 8654 8691 9537 9966
30  364 367 815 1110 1214 1601 1978 2353 2698 3122 3397 3751 4122 4928 5308 5671 6097 6442 6539 6971 7159 7297 7515 7543 7912 8055 8667 8928 9220 9717
28  365 478 605 1099 1575 1656 1881 2164 2379 2903 3338 3609 4023 4469 5376 5481 5997 6312 6578 6938 7457 8050 8319 8649 8796 9338 9699 9950
30  366 369 757 1078 1464 1807 2028 2512 2588 2771 2979 3419 3918 4409 5023 5486 5896 6463 6970 7246 7340 7532 7760 7895 8144 8460 9034 9459 9700 9987
27  368 642 1065 1419 2385 2432 2566 3149 3371 3778 4183 4307 4645 4921 5426 5562 6168 6367 6861 7480 7574 8044 8345 8733 9008 9360 9785
29  370 371 538 1100 1307 1579 1774 1904 2437 3018 3353 3470 4005 4243 4520 4876 5383 5684 5833 6401 6741 7084 7538 7741 8140 8256 8501 9053 9606
30  372 451 1108 1677 2117 2461 2608 2929 3204 3320 3784 4357 4412 5040 5305 5740 6363 6513 6782 6976 7389 7529 7851 8063 8428 8608 9132 9237 9611 9934
24  373 378 752 1105 1454 2061 2687 3021 3316 3678 4016 4380 4519 5019 5142 5616 6221 6526 7187 7578 8248 8925 9584 9815
27  374 861 1147 1429 1685 2082 2433 3219 3307 3768 4131 4570 5017 5508 5653 5830 6015 6439 6673 7029 7469 7755 7985 8488 9044 9361 9900
27  375 618 967 1452 1697 1871 2416 2684 3093 3619 3964 4484 4663 5106 5213 5490 5694 6074 6569 7221 7749 7992 8280 8687 8873 9117 9505
29  377 541 1117 1777 2087 2235 2859 3010 3254 3472 3612 3972 4607 4947 5314 5794 5978 6357 6610 6744 6842 7317 7585 8346 8713 8791 9169 9534 9787
25  379 387 840 1286 1721 1875 2261 2739 2873 3210 3315 3661 4166 4334 4765 5238 5799 6389 6857 7104 7704 8258 8632 9263 9674
27  381 542 949 1347 2058 2328 2568 2816 3475 3846 4343 4552 5180 5582 5774 5943 6113 6476 6791 7230 7696 8233 8476 8798 9059 9326 9796
28  382 489 917 1436 1644 1903 2262 2989 3348 3520 4034 4281 4540 5051 5110 5402 6187 6334 6761 7047 7245 7843 8151 8376 8795 9474 9744 9775
27  384 544 827 1113 1512 1855 2303 2631 3362 3576 4077 4800 5299 5700 6159 6537 6863 6984 7385 7514 8087 8491 8749 8838 9395 9593 9760
28  385 564 865 1654 1910 2204 2595 2700 2901 3411 3515 4168 4493 4581 4894 5341 5569 5956 6250 6963 7192 7701 7972 8234 8618 8963 9431 9869
28  386 885 1315 1750 2258 2388 2877 3232 3270 3463 3767 4170 4798 5140 5423 5550 6043 6596 7141 7668 7831 8532 8829 8987 9357 9480 9765 9995
25  388 400 761 823 1177 1568 1936 2311 2597 3104 3222 3548 3794 4285 4455 5136 5750 6215 6853 7371 8108 8584 9110 9423 9849
28  389 918 988 1508 2146 2285 2517 2660 2857 3599 3912 4410 4653 5103 5454 5881 6150 6399 6718 7234 7742 7915 8218 8536 8758 9000 9500 9920
27  390 529 685 1141 1553 1666 2409 3009 3392 3637 3938 4352 4696 4991 5393 5764 6267 6548 6662 7218 7745 7924 7962 8425 8765 9333 9654
29  391 516 721 1360 1594 2070 2382 2659 2812 3155 3451 3810 4045 4394 4854 5396 5529 6171 6794 6992 7347 7654 8010 8449 8591 8769 9147 9303 9816
31  393 481 782 1029 1257 1576 1861 2176 2354 2711 2888 3380 3660 3870 4036 4174 4471 4631 5038 5091 5801 6096 6358 6538 6814 7181 7489 7921 8343 8818 9504
24  394 493 1166 1402 1735 2099 2396 3094 3752 4044 4524 4866 5192 5743 6060 6847 7095 7293 8150 8748 9144 9445 9599 9790
26  395 733 1046 1344 1760 2318 2377 2976 3207 3555 3907 4211 4287 4822 5264 5797 6519 7190 7521 7910 8363 8585 8971 9368 9549 9741
30  396 701 766 1091 1700 2074 2452 2891 3293 3858 4127 4386 4573 4850 5240 5594 6151 6330 6603 7273 7684 7785 8277 8574 8822 8970 9160 9566 9621 9716
31  397 486 657 1060 1331 1780 2386 2525 2886 3381 3534 4068 4353 4557 5059 5141 6161 6380 6571 6872 7126 7633 7789 8070 8146 8508 8886 9223 9634 9899 9956
26  398 531 597 1203 1728 1924 2299 2860 2996 3583 4082 4241 4628 4957 5319 5537 6002 6247 6523 6745 7350 7767 8145 8644 9156 9602
33  399 471 557 780 1267 1758 1885 2569 2823 3143 3708 3965 4024 4392 4647 5211 5448 5992 6259 6586 6694 6795 7081 7175 7379 7718 7984 8538 9048 9203 9363 9614 9702
27  401 959 1304 1399 1546 2113 2814 3177 3613 4049 4548 4717 4996 5425 5986 6420 6765 7202 7488 7590 8008 8423 8595 8775 9089 9427 9889
31  402 693 760 956 1319 1608 1984 2413 2545 2832 3244 3729 3869 4046 4326 4760 4891 5052 5255 5921 6227 6588 6890 7182 7452 7644 7976 8601 9136 9670 9912
32  403 602 726 1131 1165 1483 1687 1962 2023 2448 2759 2909 3158 3427 4067 4495 4934 5482 5617 5973 6633 6788 7018 7255 7405 8016 8471 8716 9256 9456 9891 9997
28  404 630 1080 1403 1649 1854 1927 2584 2849 2934 3175 3798 4115 4417 4726 5153 5532 5889 6466 6670 7030 7398 7949 8120 8588 8783 9266 9812
31  405 820 1361 1658 1963 2230 2535 2925 3026 3545 3705 3793 4257 4675 4905 5395 5503 5588 5869 6316 6421 6583 7016 7229 7814 8148 8369 8786 8932 9149 9506
33  406 453 954 1146 1362 2005 2547 3083 3551 3732 4349 4413 4733 5105 5367 5659 6071 6163 6390 6657 6826 7203 7555 7724 7946 8174 8555 8633 9093 9371 9381 9650 9825
30  408 444 1020 1227 1699 2239 2298 2450 2623 2811 3016 3464 3809 3987 4458 4671 5080 5611 6156 6536 6719 7008 7287 7497 7752 7953 8446 8858 9630 9890
24  409 539 664 1132 1726 2166 2346 2761 2993 3335 4149 4526 4839 5409 5663 5919 6188 6960 7699 8515 8808 8959 9216 9569
31  410 586 884 1102 1294 1572 2008 2543 2845 2973 3183 3561 4054 4290 4503 4683 5258 5800 6011 6458 6977 7496 7834 8053 8240 8552 8855 8975 9348 9750 9992
26  411 741 1018 1212 1948 2225 2577 3081 3240 4093 4396 4588 5097 5587 6335 6699 7334 7466 7695 8024 8299 8478 8565 8813 9161 9707
26  412 807 1071 1443 1834 1941 2121 2259 3088 3720 4022 4761 5398 5831 6105 6489 6835 6949 7642 7775 8083 8374 8909 9177 9659 9914
32  413 474 497 785 1414 1630 1703 1757 2167 2627 3191 3486 3665 4066 4594 4859 5093 5229 5681 5899 6239 6727 6975 7043 7199 7459 7850 8329 8544 8927 9155 9725
30  415 438 793 1159 1327 1715 1853 2264 2482 2911 3077 3586 3919 4355 4686 4868 5129 5210 5597 5807 6593 7094 7381 7651 7795 8370 8648 8839 9306 9917
31  416 430 725 1352 1889 1921 2129 2455 2990 3181 3192 3482 3675 3960 4225 4538 4700 4897 5563 5991 6233 6405 6764 7157 7336 7557 7885 8173 8714 8934 9668
32  417 571 930 1222 1363 1587 2095 2118 2633 3024 3245 3442 3607 3945 4223 4496 5150 5741 6066 6269 6648 6738 7090 7472 7768 8079 8307 8948 9056 9359 9491 9667
29  418 637 943 1124 1373 1824 1923 2498 2762 3131 3532 3719 4136 4277 4677 4830 5241 5974 6371 7123 7531 7705 7863 7975 8531 9024 9111 9425 9703
30  419 499 591 922 1210 1525 1793 2243 2581 3172 3250 3383 3600 3797 4239 4528 4938 5286 5860 6037 6605 7101 7711 8054 8402 8681 8897 9468 9773 9786
25  420 599 1342 1606 1980 2799 3319 3744 4021 4638 4828 5410 5660 5843 5976 6559 6887 7020 7435 7796 8246 8594 8841 9086 9739
28  421 686 910 987 1317 1884 2068 2420 2889 3031 3690 4090 4532 4821 5362 5853 6383 6501 6776 7015 7522 7945 8352 8492 9050 9405 9486 9989
27  422 501 839 1033 1272 1592 2120 2516 2980 3121 3296 3522 3928 4111 4230 4428 4944 5337 5845 6299 6587 6918 7244 8154 8589 9083 9684
30  423 436 596 1143 1686 1955 2140 2496 3064 3552 3868 4506 4706 4960 5254 5318 5449 6099 6415 6735 6911 7397 7558 7786 8125 8330 8772 9442 9576 9938
30  424 631 977 1554 1830 2186 2647 3176 3473 3754 4047 4425 4775 4982 5470 5767 5999 6089 6341 6724 7056 7237 7920 8065 8303 8349 8917 9211 9444 9633
29  425 679 933 1237 1597 2032 2412 2775 3343 3684 3848 4092 4605 5034 5515 5737 6031 6492 6733 6895 7231 7544 7829 8410 8559 8856 9045 9335 9768
30  426 460 794 920 1092 1356 1543 1821 2460 2977 3171 3566 3984 4373 4499 4616 5221 5339 6018 6353 7070 7131 7461 7816 8094 8379 8456 9118 9466 9896
28  427 578 804 1048 1226 1551 1788 2076 2428 2475 2808 3185 3492 4040 4497 5073 5285 5457 5925 6304 6951 7256 7556 8130 8556 8814 9124 9397
31  428 439 583 727 1404 1600 1935 2375 2803 2898 3156 3449 3908 4356 4598 4981 5475 5924 6403 6846 7023 7085 7415 7563 7579 7881 7941 8590 8913 9148 9515
29  429 527 811 1111 1447 1954 2468 2593 3111 3674 3883 4089 4367 4961 5005 5236 5634 6192 6336 6625 6837 7168 7527 8139 8442 8721 9270 9601 9965
26  431 663 1004 1262 1937 2096 2704 2716 2930 3526 4058 4562 5202 5489 5862 6132 6570 6792 7321 7928 8041 8228 8576 8991 9384 9690
33  432 454 576 876 1323 1865 2080 2203 2652 2828 3105 3593 3899 4027 4242 4576 5011 5296 5360 5612 5778 5982 6013 6270 6480 6797 7242 7649 8320 8879 9251 9587 9895
34  433 503 713 979 1858 2064 2335 2751 3049 3303 3560 3788 4130 4197 4556 4790 4964 5151 5589 5877 6426 6771 7361 7554 7871 8099 8172 8529 8903 9084 9187 9337 9467 9948
31  435 619 826 1565 1898 2072 2661 2778 3118 3476 3823 4150 4713 5001 5222 5373 5438 5590 5649 5984 6558 6829 7096 7219 7661 8161 8334 8451 8799 9308 9489
32  437 483 532 661 1107 1144 1628 2035 2366 2821 2966 3145 3286 3559 4265 4435 4807 5257 5551 5810 6279 6769 6966 7439 7861 8143 8422 8639 8947 9049 9483 9821
29  440 779 1341 1560 1966 2213 2550 2769 3213 3329 4009 4431 4802 5000 5413 5599 6100 6182 6509 6653 6910 7443 7681 7948 8437 8811 9175 9399 9841
27  441 847 1502 1956 2046 2255 2519 2813 3063 3691 4124 4460 4654 4975 5557 6117 6416 6930 7274 7849 8305 8393 8848 8998 9462 9645 9806
28  442 772 1050 1174 1322 1611 2066 2291 3022 3120 3263 3704 4248 4416 4755 4974 5483 5842 6404 6659 7360 7758 8088 8314 8890 9207 9393 9788
26  445 456 716 1355 1580 1713 2067 2483 3317 3878 4151 4485 4818 5021 5158 5451 5911 6402 6838 7204 7698 7918 8473 8896 9192 9758
27  446 512 652 1073 1295 1623 2103 2622 2791 3260 3345 4071 4508 4872 5203 5760 6141 6566 7000 7279 7568 7766 8454 8732 8967 9123 9718
30  447 606 909 1137 1371 1985 2237 2405 2880 3292 3633 4188 4626 4720 5139 5530 5673 5825 6199 6647 6783 6937 7325 7602 8110 8546 8778 9157 9345 9694
30  448 656 842 1189 1459 1778 2247 2524 2793 3047 3312 3325 3509 3865 4217 4492 4823 5322 5808 5883 6309 6522 6822 7304 7675 7809 8160 8664 9019 9450
27  450 561 975 1273 1737 2160 2694 3230 3712 4060 4371 4749 5427 6091 6488 6620 6739 6948 7208 7356 7706 8009 8312 8642 8952 9199 9591
32  455 530 834 1308 1556 1669 2116 2508 2749 3062 3564 3885 4116 4630 4817 5294 5497 6147 6295 6534 6987 7224 7409 7917 8182 8281 8502 8628 8735 9143 9568 9881
25  457 810 1428 2021 2108 2619 2896 3542 3874 4157 4739 5214 5471 5606 5966 6417 6736 7241 7828 8350 8563 8875 9412 9594 9960
29  458 639 1008 1389 1674 2136 2360 2856 3119 3582 3783 3959 4200 4748 5024 5307 5696 5865 6271 6658 6862 7320 7437 8058 8614 9078 9409 9542 9817
24  459 500 1023 1353 1605 2018 2283 2453 3058 3740 4362 5099 5564 5980 6362 6468 7086 7571 7977 8153 8480 8997 9321 9814
27  461 720 1205 1410 1582 1798 2151 2423 2956 3496 4018 4368 4612 4990 5586 5963 6266 6477 6844 7363 7567 8018 8371 8719 9074 9636 9932
29  462 509 753 1028 1258 1406 1812 2321 2729 3446 3812 4160 4411 4734 5169 5822 6300 6698 7102 7509 7823 8136 8368 8534 8787 9153 9280 9465 9901
28  463 662 1006 1370 1797 2246 2465 3050 3154 3364 3930 4395 4511 4987 5354 5953 6197 6551 6875 7471 7806 8036 8325 8740 8976 9099 9469 9757
28  464 645 1129 1515 1961 2456 2908 3369 3761 3876 4191 4541 4967 5268 5496 5905 6185 6465 6696 6933 6988 7474 7635 8214 8528 8973 9366 9748
26  465 867 1034 1236 1411 1653 2088 2471 2738 3019 3327 3808 4010 4432 4724 5152 5445 5782 6384 6697 6867 7401 7788 8336 8810 9511
31  466 490 940 1155 1336 1544 1770 2310 2440 2797 2985 3215 3324 3539 4042 4263 4465 4968 5458 5664 6010 6235 6543 7048 7265 7727 8128 8731 9125 9492 9936
29  467 475 969 991 1507 1883 2184 2401 3052 3611 3771 4474 5261 5675 5954 6052 6321 6444 6725 7024 7683 7930 8332 8609 9041 9209 9407 9605 9951
27  468 611 1022 1311 1613 1952 2149 2829 3402 3758 3967 4512 5085 5272 5394 5707 5849 6003 6391 6690 6834 7475 7597 8179 8551 8933 9627
29  470 774 1140 1381 1545 1965 2642 2792 2905 3330 3680 4114 4515 4762 5041 5440 5837 6318 6456 6807 6941 7142 7344 7660 8197 8475 8802 9276 9604
